640
  0.000000   0.000000 -60.000000
  0.000000   3.125000 -60.000000
  0.000000   0.000000 -57.000000
  0.000000   0.000000 -57.000000
  0.000000   3.125000 -60.000000
 -1.836829   2.528178 -57.000000
  0.000000   0.000000 -57.000000
 -1.836829   2.528178 -57.000000
  0.000000   0.000000 -54.000000
  0.000000   0.000000 -54.000000
 -1.836829   2.528178 -57.000000
 -2.972052   0.965678 -54.000000
  0.000000   0.000000 -54.000000
 -2.972052   0.965678 -54.000000
  0.000000   0.000000 -51.000000
  0.000000   0.000000 -51.000000
 -2.972052   0.965678 -54.000000
 -2.972052  -0.965678 -51.000000
  0.000000   0.000000 -51.000000
 -2.972052  -0.965678 -51.000000
  0.000000   0.000000 -48.000000
  0.000000   0.000000 -48.000000
 -2.972052  -0.965678 -51.000000
 -1.836829  -2.528178 -48.000000
  0.000000   0.000000 -48.000000
 -1.836829  -2.528178 -48.000000
  0.000000   0.000000 -45.000000
  0.000000   0.000000 -45.000000
 -1.836829  -2.528178 -48.000000
 -0.000000  -3.125000 -45.000000
  0.000000   0.000000 -45.000000
 -0.000000  -3.125000 -45.000000
  0.000000   0.000000 -42.000000
  0.000000   0.000000 -42.000000
 -0.000000  -3.125000 -45.000000
  1.836829  -2.528178 -42.000000
  0.000000   0.000000 -42.000000
  1.836829  -2.528178 -42.000000
  0.000000   0.000000 -39.000000
  0.000000   0.000000 -39.000000
  1.836829  -2.528178 -42.000000
  2.972052  -0.965678 -39.000000
  0.000000   0.000000 -39.000000
  2.972052  -0.965678 -39.000000
  0.000000   0.000000 -36.000000
  0.000000   0.000000 -36.000000
  2.972052  -0.965678 -39.000000
  2.972052   0.965678 -36.000000
  0.000000   0.000000 -36.000000
  2.972052   0.965678 -36.000000
  0.000000   0.000000 -33.000000
  0.000000   0.000000 -33.000000
  2.972052   0.965678 -36.000000
  1.836829   2.528178 -33.000000
  0.000000   0.000000 -33.000000
  1.836829   2.528178 -33.000000
  0.000000   0.000000 -30.000000
  0.000000   0.000000 -30.000000
  1.836829   2.528178 -33.000000
  0.000000   3.125000 -30.000000
  0.000000   0.000000 -30.000000
  0.000000   3.125000 -30.000000
  0.000000   0.000000 -27.000000
  0.000000   0.000000 -27.000000
  0.000000   3.125000 -30.000000
 -1.836829   2.528178 -27.000000
  0.000000   0.000000 -27.000000
 -1.836829   2.528178 -27.000000
  0.000000   0.000000 -24.000000
  0.000000   0.000000 -24.000000
 -1.836829   2.528178 -27.000000
 -2.972051   0.965678 -24.000000
  0.000000   0.000000 -24.000000
 -2.972051   0.965678 -24.000000
  0.000000   0.000000 -21.000000
  0.000000   0.000000 -21.000000
 -2.972051   0.965678 -24.000000
 -2.972052  -0.965678 -21.000000
  0.000000   0.000000 -21.000000
 -2.972052  -0.965678 -21.000000
  0.000000   0.000000 -18.000000
  0.000000   0.000000 -18.000000
 -2.972052  -0.965678 -21.000000
 -1.836829  -2.528178 -18.000000
  0.000000   0.000000 -18.000000
 -1.836829  -2.528178 -18.000000
  0.000000   0.000000 -15.000000
  0.000000   0.000000 -15.000000
 -1.836829  -2.528178 -18.000000
 -0.000001  -3.125000 -15.000000
  0.000000   0.000000 -15.000000
 -0.000001  -3.125000 -15.000000
  0.000000   0.000000 -12.000000
  0.000000   0.000000 -12.000000
 -0.000001  -3.125000 -15.000000
  1.836828  -2.528178 -12.000000
  0.000000   0.000000 -12.000000
  1.836828  -2.528178 -12.000000
  0.000000   0.000000  -9.000000
  0.000000   0.000000  -9.000000
  1.836828  -2.528178 -12.000000
  2.972051  -0.965679  -9.000000
  0.000000   0.000000  -9.000000
  2.972051  -0.965679  -9.000000
  0.000000   0.000000  -6.000000
  0.000000   0.000000  -6.000000
  2.972051  -0.965679  -9.000000
  2.972052   0.965678  -6.000000
  0.000000   0.000000  -6.000000
  2.972052   0.965678  -6.000000
  0.000000   0.000000  -3.000000
  0.000000   0.000000  -3.000000
  2.972052   0.965678  -6.000000
  1.836829   2.528178  -3.000000
  0.000000   0.000000  -3.000000
  1.836829   2.528178  -3.000000
  0.000000   0.000000  -0.000000
  0.000000   0.000000  -0.000000
  1.836829   2.528178  -3.000000
  0.000001   3.125000  -0.000000
  0.000000   0.000000  -0.000000
  0.000001   3.125000  -0.000000
  0.000000   0.000000   3.000000
  0.000000   0.000000   3.000000
  0.000001   3.125000  -0.000000
 -1.836828   2.528179   3.000000
  0.000000   0.000000   3.000000
 -1.836828   2.528179   3.000000
  0.000000   0.000000   6.000000
  0.000000   0.000000   6.000000
 -1.836828   2.528179   3.000000
 -2.972051   0.965679   6.000000
  0.000000   0.000000   6.000000
 -2.972051   0.965679   6.000000
  0.000000   0.000000   9.000000
  0.000000   0.000000   9.000000
 -2.972051   0.965679   6.000000
 -2.972052  -0.965677   9.000000
  0.000000   0.000000   9.000000
 -2.972052  -0.965677   9.000000
  0.000000   0.000000  12.000000
  0.000000   0.000000  12.000000
 -2.972052  -0.965677   9.000000
 -1.836830  -2.528178  12.000000
  0.000000   0.000000  12.000000
 -1.836830  -2.528178  12.000000
  0.000000   0.000000  15.000000
  0.000000   0.000000  15.000000
 -1.836830  -2.528178  12.000000
 -0.000001  -3.125000  15.000000
  0.000000   0.000000  15.000000
 -0.000001  -3.125000  15.000000
  0.000000   0.000000  18.000000
  0.000000   0.000000  18.000000
 -0.000001  -3.125000  15.000000
  1.836828  -2.528179  18.000000
  0.000000   0.000000  18.000000
  1.836828  -2.528179  18.000000
  0.000000   0.000000  21.000000
  0.000000   0.000000  21.000000
  1.836828  -2.528179  18.000000
  2.972051  -0.965679  21.000000
  0.000000   0.000000  21.000000
  2.972051  -0.965679  21.000000
  0.000000   0.000000  24.000000
  0.000000   0.000000  24.000000
  2.972051  -0.965679  21.000000
  2.972052   0.965677  24.000000
  0.000000   0.000000  24.000000
  2.972052   0.965677  24.000000
  0.000000   0.000000  27.000000
  0.000000   0.000000  27.000000
  2.972052   0.965677  24.000000
  1.836830   2.528178  27.000000
  0.000000   0.000000  27.000000
  1.836830   2.528178  27.000000
  0.000000   0.000000  30.000000
  0.000000   0.000000  30.000000
  1.836830   2.528178  27.000000
  0.000001   3.125000  30.000000
  0.000000   0.000000  30.000000
  0.000001   3.125000  30.000000
  0.000000   0.000000  33.000000
  0.000000   0.000000  33.000000
  0.000001   3.125000  30.000000
 -1.836828   2.528179  33.000000
  0.000000   0.000000  33.000000
 -1.836828   2.528179  33.000000
  0.000000   0.000000  36.000000
  0.000000   0.000000  36.000000
 -1.836828   2.528179  33.000000
 -2.972051   0.965679  36.000000
  0.000000   0.000000  36.000000
 -2.972051   0.965679  36.000000
  0.000000   0.000000  39.000000
  0.000000   0.000000  39.000000
 -2.972051   0.965679  36.000000
 -2.972052  -0.965677  39.000000
  0.000000   0.000000  39.000000
 -2.972052  -0.965677  39.000000
  0.000000   0.000000  42.000000
  0.000000   0.000000  42.000000
 -2.972052  -0.965677  39.000000
 -1.836830  -2.528177  42.000000
  0.000000   0.000000  42.000000
 -1.836830  -2.528177  42.000000
  0.000000   0.000000  45.000000
  0.000000   0.000000  45.000000
 -1.836830  -2.528177  42.000000
 -0.000001  -3.125000  45.000000
  0.000000   0.000000  45.000000
 -0.000001  -3.125000  45.000000
  0.000000   0.000000  48.000000
  0.000000   0.000000  48.000000
 -0.000001  -3.125000  45.000000
  1.836828  -2.528179  48.000000
  0.000000   0.000000  48.000000
  1.836828  -2.528179  48.000000
  0.000000   0.000000  51.000000
  0.000000   0.000000  51.000000
  1.836828  -2.528179  48.000000
  2.972051  -0.965679  51.000000
  0.000000   0.000000  51.000000
  2.972051  -0.965679  51.000000
  0.000000   0.000000  54.000000
  0.000000   0.000000  54.000000
  2.972051  -0.965679  51.000000
  2.972052   0.965677  54.000000
  0.000000   0.000000  54.000000
  2.972052   0.965677  54.000000
  0.000000   0.000000  57.000000
  0.000000   0.000000  57.000000
  2.972052   0.965677  54.000000
  1.836830   2.528177  57.000000
  0.000000   0.000000  57.000000
  1.836830   2.528177  57.000000
  0.000000   0.000000  60.000000
  0.000000   0.000000  60.000000
  1.836830   2.528177  57.000000
  0.000001   3.125000  60.000000
  0.000000   3.125000 -60.000000
  0.000000   6.250000 -60.000000
 -1.836829   2.528178 -57.000000
 -1.836829   2.528178 -57.000000
  0.000000   6.250000 -60.000000
 -3.673658   5.056356 -57.000000
 -1.836829   2.528178 -57.000000
 -3.673658   5.056356 -57.000000
 -2.972052   0.965678 -54.000000
 -2.972052   0.965678 -54.000000
 -3.673658   5.056356 -57.000000
 -5.944103   1.931356 -54.000000
 -2.972052   0.965678 -54.000000
 -5.944103   1.931356 -54.000000
 -2.972052  -0.965678 -51.000000
 -2.972052  -0.965678 -51.000000
 -5.944103   1.931356 -54.000000
 -5.944103  -1.931356 -51.000000
 -2.972052  -0.965678 -51.000000
 -5.944103  -1.931356 -51.000000
 -1.836829  -2.528178 -48.000000
 -1.836829  -2.528178 -48.000000
 -5.944103  -1.931356 -51.000000
 -3.673658  -5.056356 -48.000000
 -1.836829  -2.528178 -48.000000
 -3.673658  -5.056356 -48.000000
 -0.000000  -3.125000 -45.000000
 -0.000000  -3.125000 -45.000000
 -3.673658  -5.056356 -48.000000
 -0.000000  -6.250000 -45.000000
 -0.000000  -3.125000 -45.000000
 -0.000000  -6.250000 -45.000000
  1.836829  -2.528178 -42.000000
  1.836829  -2.528178 -42.000000
 -0.000000  -6.250000 -45.000000
  3.673658  -5.056356 -42.000000
  1.836829  -2.528178 -42.000000
  3.673658  -5.056356 -42.000000
  2.972052  -0.965678 -39.000000
  2.972052  -0.965678 -39.000000
  3.673658  -5.056356 -42.000000
  5.944103  -1.931357 -39.000000
  2.972052  -0.965678 -39.000000
  5.944103  -1.931357 -39.000000
  2.972052   0.965678 -36.000000
  2.972052   0.965678 -36.000000
  5.944103  -1.931357 -39.000000
  5.944103   1.931356 -36.000000
  2.972052   0.965678 -36.000000
  5.944103   1.931356 -36.000000
  1.836829   2.528178 -33.000000
  1.836829   2.528178 -33.000000
  5.944103   1.931356 -36.000000
  3.673658   5.056356 -33.000000
  1.836829   2.528178 -33.000000
  3.673658   5.056356 -33.000000
  0.000000   3.125000 -30.000000
  0.000000   3.125000 -30.000000
  3.673658   5.056356 -33.000000
  0.000001   6.250000 -30.000000
  0.000000   3.125000 -30.000000
  0.000001   6.250000 -30.000000
 -1.836829   2.528178 -27.000000
 -1.836829   2.528178 -27.000000
  0.000001   6.250000 -30.000000
 -3.673657   5.056357 -27.000000
 -1.836829   2.528178 -27.000000
 -3.673657   5.056357 -27.000000
 -2.972051   0.965678 -24.000000
 -2.972051   0.965678 -24.000000
 -3.673657   5.056357 -27.000000
 -5.944103   1.931357 -24.000000
 -2.972051   0.965678 -24.000000
 -5.944103   1.931357 -24.000000
 -2.972052  -0.965678 -21.000000
 -2.972052  -0.965678 -21.000000
 -5.944103   1.931357 -24.000000
 -5.944103  -1.931355 -21.000000
 -2.972052  -0.965678 -21.000000
 -5.944103  -1.931355 -21.000000
 -1.836829  -2.528178 -18.000000
 -1.836829  -2.528178 -18.000000
 -5.944103  -1.931355 -21.000000
 -3.673659  -5.056356 -18.000000
 -1.836829  -2.528178 -18.000000
 -3.673659  -5.056356 -18.000000
 -0.000001  -3.125000 -15.000000
 -0.000001  -3.125000 -15.000000
 -3.673659  -5.056356 -18.000000
 -0.000001  -6.250000 -15.000000
 -0.000001  -3.125000 -15.000000
 -0.000001  -6.250000 -15.000000
  1.836828  -2.528178 -12.000000
  1.836828  -2.528178 -12.000000
 -0.000001  -6.250000 -15.000000
  3.673657  -5.056357 -12.000000
  1.836828  -2.528178 -12.000000
  3.673657  -5.056357 -12.000000
  2.972051  -0.965679  -9.000000
  2.972051  -0.965679  -9.000000
  3.673657  -5.056357 -12.000000
  5.944103  -1.931357  -9.000000
  2.972051  -0.965679  -9.000000
  5.944103  -1.931357  -9.000000
  2.972052   0.965678  -6.000000
  2.972052   0.965678  -6.000000
  5.944103  -1.931357  -9.000000
  5.944104   1.931355  -6.000000
  2.972052   0.965678  -6.000000
  5.944104   1.931355  -6.000000
  1.836829   2.528178  -3.000000
  1.836829   2.528178  -3.000000
  5.944104   1.931355  -6.000000
  3.673659   5.056355  -3.000000
  1.836829   2.528178  -3.000000
  3.673659   5.056355  -3.000000
  0.000001   3.125000  -0.000000
  0.000001   3.125000  -0.000000
  3.673659   5.056355  -3.000000
  0.000001   6.250000  -0.000000
  0.000001   3.125000  -0.000000
  0.000001   6.250000  -0.000000
 -1.836828   2.528179   3.000000
 -1.836828   2.528179   3.000000
  0.000001   6.250000  -0.000000
 -3.673657   5.056357   3.000000
 -1.836828   2.528179   3.000000
 -3.673657   5.056357   3.000000
 -2.972051   0.965679   6.000000
 -2.972051   0.965679   6.000000
 -3.673657   5.056357   3.000000
 -5.944103   1.931358   6.000000
 -2.972051   0.965679   6.000000
 -5.944103   1.931358   6.000000
 -2.972052  -0.965677   9.000000
 -2.972052  -0.965677   9.000000
 -5.944103   1.931358   6.000000
 -5.944104  -1.931355   9.000000
 -2.972052  -0.965677   9.000000
 -5.944104  -1.931355   9.000000
 -1.836830  -2.528178  12.000000
 -1.836830  -2.528178  12.000000
 -5.944104  -1.931355   9.000000
 -3.673659  -5.056355  12.000000
 -1.836830  -2.528178  12.000000
 -3.673659  -5.056355  12.000000
 -0.000001  -3.125000  15.000000
 -0.000001  -3.125000  15.000000
 -3.673659  -5.056355  12.000000
 -0.000002  -6.250000  15.000000
 -0.000001  -3.125000  15.000000
 -0.000002  -6.250000  15.000000
  1.836828  -2.528179  18.000000
  1.836828  -2.528179  18.000000
 -0.000002  -6.250000  15.000000
  3.673656  -5.056357  18.000000
  1.836828  -2.528179  18.000000
  3.673656  -5.056357  18.000000
  2.972051  -0.965679  21.000000
  2.972051  -0.965679  21.000000
  3.673656  -5.056357  18.000000
  5.944103  -1.931358  21.000000
  2.972051  -0.965679  21.000000
  5.944103  -1.931358  21.000000
  2.972052   0.965677  24.000000
  2.972052   0.965677  24.000000
  5.944103  -1.931358  21.000000
  5.944104   1.931354  24.000000
  2.972052   0.965677  24.000000
  5.944104   1.931354  24.000000
  1.836830   2.528178  27.000000
  1.836830   2.528178  27.000000
  5.944104   1.931354  24.000000
  3.673659   5.056355  27.000000
  1.836830   2.528178  27.000000
  3.673659   5.056355  27.000000
  0.000001   3.125000  30.000000
  0.000001   3.125000  30.000000
  3.673659   5.056355  27.000000
  0.000002   6.250000  30.000000
  0.000001   3.125000  30.000000
  0.000002   6.250000  30.000000
 -1.836828   2.528179  33.000000
 -1.836828   2.528179  33.000000
  0.000002   6.250000  30.000000
 -3.673656   5.056357  33.000000
 -1.836828   2.528179  33.000000
 -3.673656   5.056357  33.000000
 -2.972051   0.965679  36.000000
 -2.972051   0.965679  36.000000
 -3.673656   5.056357  33.000000
 -5.944103   1.931358  36.000000
 -2.972051   0.965679  36.000000
 -5.944103   1.931358  36.000000
 -2.972052  -0.965677  39.000000
 -2.972052  -0.965677  39.000000
 -5.944103   1.931358  36.000000
 -5.944104  -1.931354  39.000000
 -2.972052  -0.965677  39.000000
 -5.944104  -1.931354  39.000000
 -1.836830  -2.528177  42.000000
 -1.836830  -2.528177  42.000000
 -5.944104  -1.931354  39.000000
 -3.673660  -5.056355  42.000000
 -1.836830  -2.528177  42.000000
 -3.673660  -5.056355  42.000000
 -0.000001  -3.125000  45.000000
 -0.000001  -3.125000  45.000000
 -3.673660  -5.056355  42.000000
 -0.000002  -6.250000  45.000000
 -0.000001  -3.125000  45.000000
 -0.000002  -6.250000  45.000000
  1.836828  -2.528179  48.000000
  1.836828  -2.528179  48.000000
 -0.000002  -6.250000  45.000000
  3.673656  -5.056358  48.000000
  1.836828  -2.528179  48.000000
  3.673656  -5.056358  48.000000
  2.972051  -0.965679  51.000000
  2.972051  -0.965679  51.000000
  3.673656  -5.056358  48.000000
  5.944102  -1.931359  51.000000
  2.972051  -0.965679  51.000000
  5.944102  -1.931359  51.000000
  2.972052   0.965677  54.000000
  2.972052   0.965677  54.000000
  5.944102  -1.931359  51.000000
  5.944104   1.931354  54.000000
  2.972052   0.965677  54.000000
  5.944104   1.931354  54.000000
  1.836830   2.528177  57.000000
  1.836830   2.528177  57.000000
  5.944104   1.931354  54.000000
  3.673660   5.056355  57.000000
  1.836830   2.528177  57.000000
  3.673660   5.056355  57.000000
  0.000001   3.125000  60.000000
  0.000001   3.125000  60.000000
  3.673660   5.056355  57.000000
  0.000003   6.250000  60.000000
  0.000000   6.250000 -60.000000
  0.000000   9.375000 -60.000000
 -3.673658   5.056356 -57.000000
 -3.673658   5.056356 -57.000000
  0.000000   9.375000 -60.000000
 -5.510487   7.584534 -57.000000
 -3.673658   5.056356 -57.000000
 -5.510487   7.584534 -57.000000
 -5.944103   1.931356 -54.000000
 -5.944103   1.931356 -54.000000
 -5.510487   7.584534 -57.000000
 -8.916155   2.897035 -54.000000
 -5.944103   1.931356 -54.000000
 -8.916155   2.897035 -54.000000
 -5.944103  -1.931356 -51.000000
 -5.944103  -1.931356 -51.000000
 -8.916155   2.897035 -54.000000
 -8.916155  -2.897034 -51.000000
 -5.944103  -1.931356 -51.000000
 -8.916155  -2.897034 -51.000000
 -3.673658  -5.056356 -48.000000
 -3.673658  -5.056356 -48.000000
 -8.916155  -2.897034 -51.000000
 -5.510487  -7.584534 -48.000000
 -3.673658  -5.056356 -48.000000
 -5.510487  -7.584534 -48.000000
 -0.000000  -6.250000 -45.000000
 -0.000000  -6.250000 -45.000000
 -5.510487  -7.584534 -48.000000
 -0.000001  -9.375000 -45.000000
 -0.000000  -6.250000 -45.000000
 -0.000001  -9.375000 -45.000000
  3.673658  -5.056356 -42.000000
  3.673658  -5.056356 -42.000000
 -0.000001  -9.375000 -45.000000
  5.510486  -7.584535 -42.000000
  3.673658  -5.056356 -42.000000
  5.510486  -7.584535 -42.000000
  5.944103  -1.931357 -39.000000
  5.944103  -1.931357 -39.000000
  5.510486  -7.584535 -42.000000
  8.916155  -2.897035 -39.000000
  5.944103  -1.931357 -39.000000
  8.916155  -2.897035 -39.000000
  5.944103   1.931356 -36.000000
  5.944103   1.931356 -36.000000
  8.916155  -2.897035 -39.000000
  8.916155   2.897034 -36.000000
  5.944103   1.931356 -36.000000
  8.916155   2.897034 -36.000000
  3.673658   5.056356 -33.000000
  3.673658   5.056356 -33.000000
  8.916155   2.897034 -36.000000
  5.510487   7.584534 -33.000000
  3.673658   5.056356 -33.000000
  5.510487   7.584534 -33.000000
  0.000001   6.250000 -30.000000
  0.000001   6.250000 -30.000000
  5.510487   7.584534 -33.000000
  0.000001   9.375000 -30.000000
  0.000001   6.250000 -30.000000
  0.000001   9.375000 -30.000000
 -3.673657   5.056357 -27.000000
 -3.673657   5.056357 -27.000000
  0.000001   9.375000 -30.000000
 -5.510486   7.584535 -27.000000
 -3.673657   5.056357 -27.000000
 -5.510486   7.584535 -27.000000
 -5.944103   1.931357 -24.000000
 -5.944103   1.931357 -24.000000
 -5.510486   7.584535 -27.000000
 -8.916154   2.897035 -24.000000
 -5.944103   1.931357 -24.000000
 -8.916154   2.897035 -24.000000
 -5.944103  -1.931355 -21.000000
 -5.944103  -1.931355 -21.000000
 -8.916154   2.897035 -24.000000
 -8.916155  -2.897033 -21.000000
 -5.944103  -1.931355 -21.000000
 -8.916155  -2.897033 -21.000000
 -3.673659  -5.056356 -18.000000
 -3.673659  -5.056356 -18.000000
 -8.916155  -2.897033 -21.000000
 -5.510488  -7.584533 -18.000000
 -3.673659  -5.056356 -18.000000
 -5.510488  -7.584533 -18.000000
 -0.000001  -6.250000 -15.000000
 -0.000001  -6.250000 -15.000000
 -5.510488  -7.584533 -18.000000
 -0.000002  -9.375000 -15.000000
 -0.000001  -6.250000 -15.000000
 -0.000002  -9.375000 -15.000000
  3.673657  -5.056357 -12.000000
  3.673657  -5.056357 -12.000000
 -0.000002  -9.375000 -15.000000
  5.510485  -7.584535 -12.000000
  3.673657  -5.056357 -12.000000
  5.510485  -7.584535 -12.000000
  5.944103  -1.931357  -9.000000
  5.944103  -1.931357  -9.000000
  5.510485  -7.584535 -12.000000
  8.916154  -2.897036  -9.000000
  5.944103  -1.931357  -9.000000
  8.916154  -2.897036  -9.000000
  5.944104   1.931355  -6.000000
  5.944104   1.931355  -6.000000
  8.916154  -2.897036  -9.000000
  8.916155   2.897033  -6.000000
  5.944104   1.931355  -6.000000
  8.916155   2.897033  -6.000000
  3.673659   5.056355  -3.000000
  3.673659   5.056355  -3.000000
  8.916155   2.897033  -6.000000
  5.510488   7.584533  -3.000000
  3.673659   5.056355  -3.000000
  5.510488   7.584533  -3.000000
  0.000001   6.250000  -0.000000
  0.000001   6.250000  -0.000000
  5.510488   7.584533  -3.000000
  0.000002   9.375000  -0.000000
  0.000001   6.250000  -0.000000
  0.000002   9.375000  -0.000000
 -3.673657   5.056357   3.000000
 -3.673657   5.056357   3.000000
  0.000002   9.375000  -0.000000
 -5.510485   7.584536   3.000000
 -3.673657   5.056357   3.000000
 -5.510485   7.584536   3.000000
 -5.944103   1.931358   6.000000
 -5.944103   1.931358   6.000000
 -5.510485   7.584536   3.000000
 -8.916154   2.897036   6.000000
 -5.944103   1.931358   6.000000
 -8.916154   2.897036   6.000000
 -5.944104  -1.931355   9.000000
 -5.944104  -1.931355   9.000000
 -8.916154   2.897036   6.000000
 -8.916156  -2.897032   9.000000
 -5.944104  -1.931355   9.000000
 -8.916156  -2.897032   9.000000
 -3.673659  -5.056355  12.000000
 -3.673659  -5.056355  12.000000
 -8.916156  -2.897032   9.000000
 -5.510489  -7.584533  12.000000
 -3.673659  -5.056355  12.000000
 -5.510489  -7.584533  12.000000
 -0.000002  -6.250000  15.000000
 -0.000002  -6.250000  15.000000
 -5.510489  -7.584533  12.000000
 -0.000003  -9.375000  15.000000
 -0.000002  -6.250000  15.000000
 -0.000003  -9.375000  15.000000
  3.673656  -5.056357  18.000000
  3.673656  -5.056357  18.000000
 -0.000003  -9.375000  15.000000
  5.510485  -7.584536  18.000000
  3.673656  -5.056357  18.000000
  5.510485  -7.584536  18.000000
  5.944103  -1.931358  21.000000
  5.944103  -1.931358  21.000000
  5.510485  -7.584536  18.000000
  8.916154  -2.897037  21.000000
  5.944103  -1.931358  21.000000
  8.916154  -2.897037  21.000000
  5.944104   1.931354  24.000000
  5.944104   1.931354  24.000000
  8.916154  -2.897037  21.000000
  8.916156   2.897032  24.000000
  5.944104   1.931354  24.000000
  8.916156   2.897032  24.000000
  3.673659   5.056355  27.000000
  3.673659   5.056355  27.000000
  8.916156   2.897032  24.000000
  5.510489   7.584533  27.000000
  3.673659   5.056355  27.000000
  5.510489   7.584533  27.000000
  0.000002   6.250000  30.000000
  0.000002   6.250000  30.000000
  5.510489   7.584533  27.000000
  0.000003   9.375000  30.000000
  0.000002   6.250000  30.000000
  0.000003   9.375000  30.000000
 -3.673656   5.056357  33.000000
 -3.673656   5.056357  33.000000
  0.000003   9.375000  30.000000
 -5.510484   7.584536  33.000000
 -3.673656   5.056357  33.000000
 -5.510484   7.584536  33.000000
 -5.944103   1.931358  36.000000
 -5.944103   1.931358  36.000000
 -5.510484   7.584536  33.000000
 -8.916154   2.897037  36.000000
 -5.944103   1.931358  36.000000
 -8.916154   2.897037  36.000000
 -5.944104  -1.931354  39.000000
 -5.944104  -1.931354  39.000000
 -8.916154   2.897037  36.000000
 -8.916156  -2.897031  39.000000
 -5.944104  -1.931354  39.000000
 -8.916156  -2.897031  39.000000
 -3.673660  -5.056355  42.000000
 -3.673660  -5.056355  42.000000
 -8.916156  -2.897031  39.000000
 -5.510490  -7.584532  42.000000
 -3.673660  -5.056355  42.000000
 -5.510490  -7.584532  42.000000
 -0.000002  -6.250000  45.000000
 -0.000002  -6.250000  45.000000
 -5.510490  -7.584532  42.000000
 -0.000004  -9.375000  45.000000
 -0.000002  -6.250000  45.000000
 -0.000004  -9.375000  45.000000
  3.673656  -5.056358  48.000000
  3.673656  -5.056358  48.000000
 -0.000004  -9.375000  45.000000
  5.510484  -7.584536  48.000000
  3.673656  -5.056358  48.000000
  5.510484  -7.584536  48.000000
  5.944102  -1.931359  51.000000
  5.944102  -1.931359  51.000000
  5.510484  -7.584536  48.000000
  8.916154  -2.897038  51.000000
  5.944102  -1.931359  51.000000
  8.916154  -2.897038  51.000000
  5.944104   1.931354  54.000000
  5.944104   1.931354  54.000000
  8.916154  -2.897038  51.000000
  8.916156   2.897031  54.000000
  5.944104   1.931354  54.000000
  8.916156   2.897031  54.000000
  3.673660   5.056355  57.000000
  3.673660   5.056355  57.000000
  8.916156   2.897031  54.000000
  5.510490   7.584532  57.000000
  3.673660   5.056355  57.000000
  5.510490   7.584532  57.000000
  0.000003   6.250000  60.000000
  0.000003   6.250000  60.000000
  5.510490   7.584532  57.000000
  0.000004   9.375000  60.000000
  0.000000   9.375000 -60.000000
  0.000000  12.500000 -60.000000
 -5.510487   7.584534 -57.000000
 -5.510487   7.584534 -57.000000
  0.000000  12.500000 -60.000000
 -7.347316  10.112713 -57.000000
 -5.510487   7.584534 -57.000000
 -7.347316  10.112713 -57.000000
 -8.916155   2.897035 -54.000000
 -8.916155   2.897035 -54.000000
 -7.347316  10.112713 -57.000000
-11.888206   3.862713 -54.000000
 -8.916155   2.897035 -54.000000
-11.888206   3.862713 -54.000000
 -8.916155  -2.897034 -51.000000
 -8.916155  -2.897034 -51.000000
-11.888206   3.862713 -54.000000
-11.888207  -3.862712 -51.000000
 -8.916155  -2.897034 -51.000000
-11.888207  -3.862712 -51.000000
 -5.510487  -7.584534 -48.000000
 -5.510487  -7.584534 -48.000000
-11.888207  -3.862712 -51.000000
 -7.347316 -10.112712 -48.000000
 -5.510487  -7.584534 -48.000000
 -7.347316 -10.112712 -48.000000
 -0.000001  -9.375000 -45.000000
 -0.000001  -9.375000 -45.000000
 -7.347316 -10.112712 -48.000000
 -0.000001 -12.500000 -45.000000
 -0.000001  -9.375000 -45.000000
 -0.000001 -12.500000 -45.000000
  5.510486  -7.584535 -42.000000
  5.510486  -7.584535 -42.000000
 -0.000001 -12.500000 -45.000000
  7.347315 -10.112713 -42.000000
  5.510486  -7.584535 -42.000000
  7.347315 -10.112713 -42.000000
  8.916155  -2.897035 -39.000000
  8.916155  -2.897035 -39.000000
  7.347315 -10.112713 -42.000000
 11.888206  -3.862713 -39.000000
  8.916155  -2.897035 -39.000000
 11.888206  -3.862713 -39.000000
  8.916155   2.897034 -36.000000
  8.916155   2.897034 -36.000000
 11.888206  -3.862713 -39.000000
 11.888207   3.862711 -36.000000
  8.916155   2.897034 -36.000000
 11.888207   3.862711 -36.000000
  5.510487   7.584534 -33.000000
  5.510487   7.584534 -33.000000
 11.888207   3.862711 -36.000000
  7.347317  10.112712 -33.000000
  5.510487   7.584534 -33.000000
  7.347317  10.112712 -33.000000
  0.000001   9.375000 -30.000000
  0.000001   9.375000 -30.000000
  7.347317  10.112712 -33.000000
  0.000001  12.500000 -30.000000
  0.000001   9.375000 -30.000000
  0.000001  12.500000 -30.000000
 -5.510486   7.584535 -27.000000
 -5.510486   7.584535 -27.000000
  0.000001  12.500000 -30.000000
 -7.347314  10.112713 -27.000000
 -5.510486   7.584535 -27.000000
 -7.347314  10.112713 -27.000000
 -8.916154   2.897035 -24.000000
 -8.916154   2.897035 -24.000000
 -7.347314  10.112713 -27.000000
-11.888206   3.862714 -24.000000
 -8.916154   2.897035 -24.000000
-11.888206   3.862714 -24.000000
 -8.916155  -2.897033 -21.000000
 -8.916155  -2.897033 -21.000000
-11.888206   3.862714 -24.000000
-11.888207  -3.862711 -21.000000
 -8.916155  -2.897033 -21.000000
-11.888207  -3.862711 -21.000000
 -5.510488  -7.584533 -18.000000
 -5.510488  -7.584533 -18.000000
-11.888207  -3.862711 -21.000000
 -7.347317 -10.112711 -18.000000
 -5.510488  -7.584533 -18.000000
 -7.347317 -10.112711 -18.000000
 -0.000002  -9.375000 -15.000000
 -0.000002  -9.375000 -15.000000
 -7.347317 -10.112711 -18.000000
 -0.000002 -12.500000 -15.000000
 -0.000002  -9.375000 -15.000000
 -0.000002 -12.500000 -15.000000
  5.510485  -7.584535 -12.000000
  5.510485  -7.584535 -12.000000
 -0.000002 -12.500000 -15.000000
  7.347314 -10.112714 -12.000000
  5.510485  -7.584535 -12.000000
  7.347314 -10.112714 -12.000000
  8.916154  -2.897036  -9.000000
  8.916154  -2.897036  -9.000000
  7.347314 -10.112714 -12.000000
 11.888206  -3.862715  -9.000000
  8.916154  -2.897036  -9.000000
 11.888206  -3.862715  -9.000000
  8.916155   2.897033  -6.000000
  8.916155   2.897033  -6.000000
 11.888206  -3.862715  -9.000000
 11.888207   3.862710  -6.000000
  8.916155   2.897033  -6.000000
 11.888207   3.862710  -6.000000
  5.510488   7.584533  -3.000000
  5.510488   7.584533  -3.000000
 11.888207   3.862710  -6.000000
  7.347318  10.112711  -3.000000
  5.510488   7.584533  -3.000000
  7.347318  10.112711  -3.000000
  0.000002   9.375000  -0.000000
  0.000002   9.375000  -0.000000
  7.347318  10.112711  -3.000000
  0.000003  12.500000  -0.000000
  0.000002   9.375000  -0.000000
  0.000003  12.500000  -0.000000
 -5.510485   7.584536   3.000000
 -5.510485   7.584536   3.000000
  0.000003  12.500000  -0.000000
 -7.347313  10.112714   3.000000
 -5.510485   7.584536   3.000000
 -7.347313  10.112714   3.000000
 -8.916154   2.897036   6.000000
 -8.916154   2.897036   6.000000
 -7.347313  10.112714   3.000000
-11.888206   3.862715   6.000000
 -8.916154   2.897036   6.000000
-11.888206   3.862715   6.000000
 -8.916156  -2.897032   9.000000
 -8.916156  -2.897032   9.000000
-11.888206   3.862715   6.000000
-11.888207  -3.862709   9.000000
 -8.916156  -2.897032   9.000000
-11.888207  -3.862709   9.000000
 -5.510489  -7.584533  12.000000
 -5.510489  -7.584533  12.000000
-11.888207  -3.862709   9.000000
 -7.347318 -10.112711  12.000000
 -5.510489  -7.584533  12.000000
 -7.347318 -10.112711  12.000000
 -0.000003  -9.375000  15.000000
 -0.000003  -9.375000  15.000000
 -7.347318 -10.112711  12.000000
 -0.000003 -12.500000  15.000000
 -0.000003  -9.375000  15.000000
 -0.000003 -12.500000  15.000000
  5.510485  -7.584536  18.000000
  5.510485  -7.584536  18.000000
 -0.000003 -12.500000  15.000000
  7.347313 -10.112714  18.000000
  5.510485  -7.584536  18.000000
  7.347313 -10.112714  18.000000
  8.916154  -2.897037  21.000000
  8.916154  -2.897037  21.000000
  7.347313 -10.112714  18.000000
 11.888205  -3.862716  21.000000
  8.916154  -2.897037  21.000000
 11.888205  -3.862716  21.000000
  8.916156   2.897032  24.000000
  8.916156   2.897032  24.000000
 11.888205  -3.862716  21.000000
 11.888208   3.862709  24.000000
  8.916156   2.897032  24.000000
 11.888208   3.862709  24.000000
  5.510489   7.584533  27.000000
  5.510489   7.584533  27.000000
 11.888208   3.862709  24.000000
  7.347319  10.112710  27.000000
  5.510489   7.584533  27.000000
  7.347319  10.112710  27.000000
  0.000003   9.375000  30.000000
  0.000003   9.375000  30.000000
  7.347319  10.112710  27.000000
  0.000004  12.500000  30.000000
  0.000003   9.375000  30.000000
  0.000004  12.500000  30.000000
 -5.510484   7.584536  33.000000
 -5.510484   7.584536  33.000000
  0.000004  12.500000  30.000000
 -7.347312  10.112715  33.000000
 -5.510484   7.584536  33.000000
 -7.347312  10.112715  33.000000
 -8.916154   2.897037  36.000000
 -8.916154   2.897037  36.000000
 -7.347312  10.112715  33.000000
-11.888205   3.862717  36.000000
 -8.916154   2.897037  36.000000
-11.888205   3.862717  36.000000
 -8.916156  -2.897031  39.000000
 -8.916156  -2.897031  39.000000
-11.888205   3.862717  36.000000
-11.888208  -3.862708  39.000000
 -8.916156  -2.897031  39.000000
-11.888208  -3.862708  39.000000
 -5.510490  -7.584532  42.000000
 -5.510490  -7.584532  42.000000
-11.888208  -3.862708  39.000000
 -7.347319 -10.112710  42.000000
 -5.510490  -7.584532  42.000000
 -7.347319 -10.112710  42.000000
 -0.000004  -9.375000  45.000000
 -0.000004  -9.375000  45.000000
 -7.347319 -10.112710  42.000000
 -0.000005 -12.500000  45.000000
 -0.000004  -9.375000  45.000000
 -0.000005 -12.500000  45.000000
  5.510484  -7.584536  48.000000
  5.510484  -7.584536  48.000000
 -0.000005 -12.500000  45.000000
  7.347312 -10.112715  48.000000
  5.510484  -7.584536  48.000000
  7.347312 -10.112715  48.000000
  8.916154  -2.897038  51.000000
  8.916154  -2.897038  51.000000
  7.347312 -10.112715  48.000000
 11.888205  -3.862717  51.000000
  8.916154  -2.897038  51.000000
 11.888205  -3.862717  51.000000
  8.916156   2.897031  54.000000
  8.916156   2.897031  54.000000
 11.888205  -3.862717  51.000000
 11.888208   3.862708  54.000000
  8.916156   2.897031  54.000000
 11.888208   3.862708  54.000000
  5.510490   7.584532  57.000000
  5.510490   7.584532  57.000000
 11.888208   3.862708  54.000000
  7.347320  10.112709  57.000000
  5.510490   7.584532  57.000000
  7.347320  10.112709  57.000000
  0.000004   9.375000  60.000000
  0.000004   9.375000  60.000000
  7.347320  10.112709  57.000000
  0.000005  12.500000  60.000000
  0.000000  12.500000 -60.000000
  0.000000  15.625000 -60.000000
 -7.347316  10.112713 -57.000000
 -7.347316  10.112713 -57.000000
  0.000000  15.625000 -60.000000
 -9.184144  12.640891 -57.000000
 -7.347316  10.112713 -57.000000
 -9.184144  12.640891 -57.000000
-11.888206   3.862713 -54.000000
-11.888206   3.862713 -54.000000
 -9.184144  12.640891 -57.000000
-14.860258   4.828391 -54.000000
-11.888206   3.862713 -54.000000
-14.860258   4.828391 -54.000000
-11.888207  -3.862712 -51.000000
-11.888207  -3.862712 -51.000000
-14.860258   4.828391 -54.000000
-14.860258  -4.828390 -51.000000
-11.888207  -3.862712 -51.000000
-14.860258  -4.828390 -51.000000
 -7.347316 -10.112712 -48.000000
 -7.347316 -10.112712 -48.000000
-14.860258  -4.828390 -51.000000
 -9.184145 -12.640890 -48.000000
 -7.347316 -10.112712 -48.000000
 -9.184145 -12.640890 -48.000000
 -0.000001 -12.500000 -45.000000
 -0.000001 -12.500000 -45.000000
 -9.184145 -12.640890 -48.000000
 -0.000001 -15.625000 -45.000000
 -0.000001 -12.500000 -45.000000
 -0.000001 -15.625000 -45.000000
  7.347315 -10.112713 -42.000000
  7.347315 -10.112713 -42.000000
 -0.000001 -15.625000 -45.000000
  9.184144 -12.640891 -42.000000
  7.347315 -10.112713 -42.000000
  9.184144 -12.640891 -42.000000
 11.888206  -3.862713 -39.000000
 11.888206  -3.862713 -39.000000
  9.184144 -12.640891 -42.000000
 14.860258  -4.828392 -39.000000
 11.888206  -3.862713 -39.000000
 14.860258  -4.828392 -39.000000
 11.888207   3.862711 -36.000000
 11.888207   3.862711 -36.000000
 14.860258  -4.828392 -39.000000
 14.860258   4.828389 -36.000000
 11.888207   3.862711 -36.000000
 14.860258   4.828389 -36.000000
  7.347317  10.112712 -33.000000
  7.347317  10.112712 -33.000000
 14.860258   4.828389 -36.000000
  9.184146  12.640890 -33.000000
  7.347317  10.112712 -33.000000
  9.184146  12.640890 -33.000000
  0.000001  12.500000 -30.000000
  0.000001  12.500000 -30.000000
  9.184146  12.640890 -33.000000
  0.000002  15.625000 -30.000000
  0.000001  12.500000 -30.000000
  0.000002  15.625000 -30.000000
 -7.347314  10.112713 -27.000000
 -7.347314  10.112713 -27.000000
  0.000002  15.625000 -30.000000
 -9.184143  12.640892 -27.000000
 -7.347314  10.112713 -27.000000
 -9.184143  12.640892 -27.000000
-11.888206   3.862714 -24.000000
-11.888206   3.862714 -24.000000
 -9.184143  12.640892 -27.000000
-14.860257   4.828392 -24.000000
-11.888206   3.862714 -24.000000
-14.860257   4.828392 -24.000000
-11.888207  -3.862711 -21.000000
-11.888207  -3.862711 -21.000000
-14.860257   4.828392 -24.000000
-14.860259  -4.828388 -21.000000
-11.888207  -3.862711 -21.000000
-14.860259  -4.828388 -21.000000
 -7.347317 -10.112711 -18.000000
 -7.347317 -10.112711 -18.000000
-14.860259  -4.828388 -21.000000
 -9.184146 -12.640889 -18.000000
 -7.347317 -10.112711 -18.000000
 -9.184146 -12.640889 -18.000000
 -0.000002 -12.500000 -15.000000
 -0.000002 -12.500000 -15.000000
 -9.184146 -12.640889 -18.000000
 -0.000003 -15.625000 -15.000000
 -0.000002 -12.500000 -15.000000
 -0.000003 -15.625000 -15.000000
  7.347314 -10.112714 -12.000000
  7.347314 -10.112714 -12.000000
 -0.000003 -15.625000 -15.000000
  9.184142 -12.640892 -12.000000
  7.347314 -10.112714 -12.000000
  9.184142 -12.640892 -12.000000
 11.888206  -3.862715  -9.000000
 11.888206  -3.862715  -9.000000
  9.184142 -12.640892 -12.000000
 14.860257  -4.828393  -9.000000
 11.888206  -3.862715  -9.000000
 14.860257  -4.828393  -9.000000
 11.888207   3.862710  -6.000000
 11.888207   3.862710  -6.000000
 14.860257  -4.828393  -9.000000
 14.860259   4.828388  -6.000000
 11.888207   3.862710  -6.000000
 14.860259   4.828388  -6.000000
  7.347318  10.112711  -3.000000
  7.347318  10.112711  -3.000000
 14.860259   4.828388  -6.000000
  9.184147  12.640889  -3.000000
  7.347318  10.112711  -3.000000
  9.184147  12.640889  -3.000000
  0.000003  12.500000  -0.000000
  0.000003  12.500000  -0.000000
  9.184147  12.640889  -3.000000
  0.000003  15.625000  -0.000000
  0.000003  12.500000  -0.000000
  0.000003  15.625000  -0.000000
 -7.347313  10.112714   3.000000
 -7.347313  10.112714   3.000000
  0.000003  15.625000  -0.000000
 -9.184142  12.640893   3.000000
 -7.347313  10.112714   3.000000
 -9.184142  12.640893   3.000000
-11.888206   3.862715   6.000000
-11.888206   3.862715   6.000000
 -9.184142  12.640893   3.000000
-14.860257   4.828394   6.000000
-11.888206   3.862715   6.000000
-14.860257   4.828394   6.000000
-11.888207  -3.862709   9.000000
-11.888207  -3.862709   9.000000
-14.860257   4.828394   6.000000
-14.860259  -4.828387   9.000000
-11.888207  -3.862709   9.000000
-14.860259  -4.828387   9.000000
 -7.347318 -10.112711  12.000000
 -7.347318 -10.112711  12.000000
-14.860259  -4.828387   9.000000
 -9.184148 -12.640888  12.000000
 -7.347318 -10.112711  12.000000
 -9.184148 -12.640888  12.000000
 -0.000003 -12.500000  15.000000
 -0.000003 -12.500000  15.000000
 -9.184148 -12.640888  12.000000
 -0.000004 -15.625000  15.000000
 -0.000003 -12.500000  15.000000
 -0.000004 -15.625000  15.000000
  7.347313 -10.112714  18.000000
  7.347313 -10.112714  18.000000
 -0.000004 -15.625000  15.000000
  9.184141 -12.640893  18.000000
  7.347313 -10.112714  18.000000
  9.184141 -12.640893  18.000000
 11.888205  -3.862716  21.000000
 11.888205  -3.862716  21.000000
  9.184141 -12.640893  18.000000
 14.860257  -4.828395  21.000000
 11.888205  -3.862716  21.000000
 14.860257  -4.828395  21.000000
 11.888208   3.862709  24.000000
 11.888208   3.862709  24.000000
 14.860257  -4.828395  21.000000
 14.860260   4.828386  24.000000
 11.888208   3.862709  24.000000
 14.860260   4.828386  24.000000
  7.347319  10.112710  27.000000
  7.347319  10.112710  27.000000
 14.860260   4.828386  24.000000
  9.184148  12.640888  27.000000
  7.347319  10.112710  27.000000
  9.184148  12.640888  27.000000
  0.000004  12.500000  30.000000
  0.000004  12.500000  30.000000
  9.184148  12.640888  27.000000
  0.000005  15.625000  30.000000
  0.000004  12.500000  30.000000
  0.000005  15.625000  30.000000
 -7.347312  10.112715  33.000000
 -7.347312  10.112715  33.000000
  0.000005  15.625000  30.000000
 -9.184140  12.640894  33.000000
 -7.347312  10.112715  33.000000
 -9.184140  12.640894  33.000000
-11.888205   3.862717  36.000000
-11.888205   3.862717  36.000000
 -9.184140  12.640894  33.000000
-14.860256   4.828396  36.000000
-11.888205   3.862717  36.000000
-14.860256   4.828396  36.000000
-11.888208  -3.862708  39.000000
-11.888208  -3.862708  39.000000
-14.860256   4.828396  36.000000
-14.860260  -4.828385  39.000000
-11.888208  -3.862708  39.000000
-14.860260  -4.828385  39.000000
 -7.347319 -10.112710  42.000000
 -7.347319 -10.112710  42.000000
-14.860260  -4.828385  39.000000
 -9.184149 -12.640887  42.000000
 -7.347319 -10.112710  42.000000
 -9.184149 -12.640887  42.000000
 -0.000005 -12.500000  45.000000
 -0.000005 -12.500000  45.000000
 -9.184149 -12.640887  42.000000
 -0.000006 -15.625000  45.000000
 -0.000005 -12.500000  45.000000
 -0.000006 -15.625000  45.000000
  7.347312 -10.112715  48.000000
  7.347312 -10.112715  48.000000
 -0.000006 -15.625000  45.000000
  9.184140 -12.640894  48.000000
  7.347312 -10.112715  48.000000
  9.184140 -12.640894  48.000000
 11.888205  -3.862717  51.000000
 11.888205  -3.862717  51.000000
  9.184140 -12.640894  48.000000
 14.860256  -4.828396  51.000000
 11.888205  -3.862717  51.000000
 14.860256  -4.828396  51.000000
 11.888208   3.862708  54.000000
 11.888208   3.862708  54.000000
 14.860256  -4.828396  51.000000
 14.860260   4.828384  54.000000
 11.888208   3.862708  54.000000
 14.860260   4.828384  54.000000
  7.347320  10.112709  57.000000
  7.347320  10.112709  57.000000
 14.860260   4.828384  54.000000
  9.184150  12.640887  57.000000
  7.347320  10.112709  57.000000
  9.184150  12.640887  57.000000
  0.000005  12.500000  60.000000
  0.000005  12.500000  60.000000
  9.184150  12.640887  57.000000
  0.000007  15.625000  60.000000
  0.000000  15.625000 -60.000000
  0.000000  18.750000 -60.000000
 -9.184144  12.640891 -57.000000
 -9.184144  12.640891 -57.000000
  0.000000  18.750000 -60.000000
-11.020973  15.169069 -57.000000
 -9.184144  12.640891 -57.000000
-11.020973  15.169069 -57.000000
-14.860258   4.828391 -54.000000
-14.860258   4.828391 -54.000000
-11.020973  15.169069 -57.000000
-17.832310   5.794069 -54.000000
-14.860258   4.828391 -54.000000
-17.832310   5.794069 -54.000000
-14.860258  -4.828390 -51.000000
-14.860258  -4.828390 -51.000000
-17.832310   5.794069 -54.000000
-17.832310  -5.794068 -51.000000
-14.860258  -4.828390 -51.000000
-17.832310  -5.794068 -51.000000
 -9.184145 -12.640890 -48.000000
 -9.184145 -12.640890 -48.000000
-17.832310  -5.794068 -51.000000
-11.020974 -15.169068 -48.000000
 -9.184145 -12.640890 -48.000000
-11.020974 -15.169068 -48.000000
 -0.000001 -15.625000 -45.000000
 -0.000001 -15.625000 -45.000000
-11.020974 -15.169068 -48.000000
 -0.000001 -18.750000 -45.000000
 -0.000001 -15.625000 -45.000000
 -0.000001 -18.750000 -45.000000
  9.184144 -12.640891 -42.000000
  9.184144 -12.640891 -42.000000
 -0.000001 -18.750000 -45.000000
 11.020973 -15.169069 -42.000000
  9.184144 -12.640891 -42.000000
 11.020973 -15.169069 -42.000000
 14.860258  -4.828392 -39.000000
 14.860258  -4.828392 -39.000000
 11.020973 -15.169069 -42.000000
 17.832309  -5.794070 -39.000000
 14.860258  -4.828392 -39.000000
 17.832309  -5.794070 -39.000000
 14.860258   4.828389 -36.000000
 14.860258   4.828389 -36.000000
 17.832309  -5.794070 -39.000000
 17.832310   5.794067 -36.000000
 14.860258   4.828389 -36.000000
 17.832310   5.794067 -36.000000
  9.184146  12.640890 -33.000000
  9.184146  12.640890 -33.000000
 17.832310   5.794067 -36.000000
 11.020975  15.169068 -33.000000
  9.184146  12.640890 -33.000000
 11.020975  15.169068 -33.000000
  0.000002  15.625000 -30.000000
  0.000002  15.625000 -30.000000
 11.020975  15.169068 -33.000000
  0.000002  18.750000 -30.000000
  0.000002  15.625000 -30.000000
  0.000002  18.750000 -30.000000
 -9.184143  12.640892 -27.000000
 -9.184143  12.640892 -27.000000
  0.000002  18.750000 -30.000000
-11.020972  15.169070 -27.000000
 -9.184143  12.640892 -27.000000
-11.020972  15.169070 -27.000000
-14.860257   4.828392 -24.000000
-14.860257   4.828392 -24.000000
-11.020972  15.169070 -27.000000
-17.832309   5.794071 -24.000000
-14.860257   4.828392 -24.000000
-17.832309   5.794071 -24.000000
-14.860259  -4.828388 -21.000000
-14.860259  -4.828388 -21.000000
-17.832309   5.794071 -24.000000
-17.832310  -5.794066 -21.000000
-14.860259  -4.828388 -21.000000
-17.832310  -5.794066 -21.000000
 -9.184146 -12.640889 -18.000000
 -9.184146 -12.640889 -18.000000
-17.832310  -5.794066 -21.000000
-11.020976 -15.169067 -18.000000
 -9.184146 -12.640889 -18.000000
-11.020976 -15.169067 -18.000000
 -0.000003 -15.625000 -15.000000
 -0.000003 -15.625000 -15.000000
-11.020976 -15.169067 -18.000000
 -0.000003 -18.750000 -15.000000
 -0.000003 -15.625000 -15.000000
 -0.000003 -18.750000 -15.000000
  9.184142 -12.640892 -12.000000
  9.184142 -12.640892 -12.000000
 -0.000003 -18.750000 -15.000000
 11.020971 -15.169071 -12.000000
  9.184142 -12.640892 -12.000000
 11.020971 -15.169071 -12.000000
 14.860257  -4.828393  -9.000000
 14.860257  -4.828393  -9.000000
 11.020971 -15.169071 -12.000000
 17.832309  -5.794072  -9.000000
 14.860257  -4.828393  -9.000000
 17.832309  -5.794072  -9.000000
 14.860259   4.828388  -6.000000
 14.860259   4.828388  -6.000000
 17.832309  -5.794072  -9.000000
 17.832311   5.794065  -6.000000
 14.860259   4.828388  -6.000000
 17.832311   5.794065  -6.000000
  9.184147  12.640889  -3.000000
  9.184147  12.640889  -3.000000
 17.832311   5.794065  -6.000000
 11.020977  15.169066  -3.000000
  9.184147  12.640889  -3.000000
 11.020977  15.169066  -3.000000
  0.000003  15.625000  -0.000000
  0.000003  15.625000  -0.000000
 11.020977  15.169066  -3.000000
  0.000004  18.750000  -0.000000
  0.000003  15.625000  -0.000000
  0.000004  18.750000  -0.000000
 -9.184142  12.640893   3.000000
 -9.184142  12.640893   3.000000
  0.000004  18.750000  -0.000000
-11.020970  15.169071   3.000000
 -9.184142  12.640893   3.000000
-11.020970  15.169071   3.000000
-14.860257   4.828394   6.000000
-14.860257   4.828394   6.000000
-11.020970  15.169071   3.000000
-17.832308   5.794073   6.000000
-14.860257   4.828394   6.000000
-17.832308   5.794073   6.000000
-14.860259  -4.828387   9.000000
-14.860259  -4.828387   9.000000
-17.832308   5.794073   6.000000
-17.832311  -5.794064   9.000000
-14.860259  -4.828387   9.000000
-17.832311  -5.794064   9.000000
 -9.184148 -12.640888  12.000000
 -9.184148 -12.640888  12.000000
-17.832311  -5.794064   9.000000
-11.020977 -15.169066  12.000000
 -9.184148 -12.640888  12.000000
-11.020977 -15.169066  12.000000
 -0.000004 -15.625000  15.000000
 -0.000004 -15.625000  15.000000
-11.020977 -15.169066  12.000000
 -0.000005 -18.750000  15.000000
 -0.000004 -15.625000  15.000000
 -0.000005 -18.750000  15.000000
  9.184141 -12.640893  18.000000
  9.184141 -12.640893  18.000000
 -0.000005 -18.750000  15.000000
 11.020969 -15.169072  18.000000
  9.184141 -12.640893  18.000000
 11.020969 -15.169072  18.000000
 14.860257  -4.828395  21.000000
 14.860257  -4.828395  21.000000
 11.020969 -15.169072  18.000000
 17.832308  -5.794074  21.000000
 14.860257  -4.828395  21.000000
 17.832308  -5.794074  21.000000
 14.860260   4.828386  24.000000
 14.860260   4.828386  24.000000
 17.832308  -5.794074  21.000000
 17.832311   5.794063  24.000000
 14.860260   4.828386  24.000000
 17.832311   5.794063  24.000000
  9.184148  12.640888  27.000000
  9.184148  12.640888  27.000000
 17.832311   5.794063  24.000000
 11.020978  15.169065  27.000000
  9.184148  12.640888  27.000000
 11.020978  15.169065  27.000000
  0.000005  15.625000  30.000000
  0.000005  15.625000  30.000000
 11.020978  15.169065  27.000000
  0.000006  18.750000  30.000000
  0.000005  15.625000  30.000000
  0.000006  18.750000  30.000000
 -9.184140  12.640894  33.000000
 -9.184140  12.640894  33.000000
  0.000006  18.750000  30.000000
-11.020968  15.169072  33.000000
 -9.184140  12.640894  33.000000
-11.020968  15.169072  33.000000
-14.860256   4.828396  36.000000
-14.860256   4.828396  36.000000
-11.020968  15.169072  33.000000
-17.832308   5.794075  36.000000
-14.860256   4.828396  36.000000
-17.832308   5.794075  36.000000
-14.860260  -4.828385  39.000000
-14.860260  -4.828385  39.000000
-17.832308   5.794075  36.000000
-17.832312  -5.794062  39.000000
-14.860260  -4.828385  39.000000
-17.832312  -5.794062  39.000000
 -9.184149 -12.640887  42.000000
 -9.184149 -12.640887  42.000000
-17.832312  -5.794062  39.000000
-11.020979 -15.169065  42.000000
 -9.184149 -12.640887  42.000000
-11.020979 -15.169065  42.000000
 -0.000006 -15.625000  45.000000
 -0.000006 -15.625000  45.000000
-11.020979 -15.169065  42.000000
 -0.000007 -18.750000  45.000000
 -0.000006 -15.625000  45.000000
 -0.000007 -18.750000  45.000000
  9.184140 -12.640894  48.000000
  9.184140 -12.640894  48.000000
 -0.000007 -18.750000  45.000000
 11.020968 -15.169073  48.000000
  9.184140 -12.640894  48.000000
 11.020968 -15.169073  48.000000
 14.860256  -4.828396  51.000000
 14.860256  -4.828396  51.000000
 11.020968 -15.169073  48.000000
 17.832307  -5.794076  51.000000
 14.860256  -4.828396  51.000000
 17.832307  -5.794076  51.000000
 14.860260   4.828384  54.000000
 14.860260   4.828384  54.000000
 17.832307  -5.794076  51.000000
 17.832312   5.794061  54.000000
 14.860260   4.828384  54.000000
 17.832312   5.794061  54.000000
  9.184150  12.640887  57.000000
  9.184150  12.640887  57.000000
 17.832312   5.794061  54.000000
 11.020980  15.169064  57.000000
  9.184150  12.640887  57.000000
 11.020980  15.169064  57.000000
  0.000007  15.625000  60.000000
  0.000007  15.625000  60.000000
 11.020980  15.169064  57.000000
  0.000008  18.750000  60.000000
  0.000000  18.750000 -60.000000
  0.000000  21.875000 -60.000000
-11.020973  15.169069 -57.000000
-11.020973  15.169069 -57.000000
  0.000000  21.875000 -60.000000
-12.857802  17.697247 -57.000000
-11.020973  15.169069 -57.000000
-12.857802  17.697247 -57.000000
-17.832310   5.794069 -54.000000
-17.832310   5.794069 -54.000000
-12.857802  17.697247 -57.000000
-20.804361   6.759747 -54.000000
-17.832310   5.794069 -54.000000
-20.804361   6.759747 -54.000000
-17.832310  -5.794068 -51.000000
-17.832310  -5.794068 -51.000000
-20.804361   6.759747 -54.000000
-20.804362  -6.759746 -51.000000
-17.832310  -5.794068 -51.000000
-20.804362  -6.759746 -51.000000
-11.020974 -15.169068 -48.000000
-11.020974 -15.169068 -48.000000
-20.804362  -6.759746 -51.000000
-12.857803 -17.697246 -48.000000
-11.020974 -15.169068 -48.000000
-12.857803 -17.697246 -48.000000
 -0.000001 -18.750000 -45.000000
 -0.000001 -18.750000 -45.000000
-12.857803 -17.697246 -48.000000
 -0.000001 -21.875000 -45.000000
 -0.000001 -18.750000 -45.000000
 -0.000001 -21.875000 -45.000000
 11.020973 -15.169069 -42.000000
 11.020973 -15.169069 -42.000000
 -0.000001 -21.875000 -45.000000
 12.857801 -17.697248 -42.000000
 11.020973 -15.169069 -42.000000
 12.857801 -17.697248 -42.000000
 17.832309  -5.794070 -39.000000
 17.832309  -5.794070 -39.000000
 12.857801 -17.697248 -42.000000
 20.804361  -6.759748 -39.000000
 17.832309  -5.794070 -39.000000
 20.804361  -6.759748 -39.000000
 17.832310   5.794067 -36.000000
 17.832310   5.794067 -36.000000
 20.804361  -6.759748 -39.000000
 20.804362   6.759745 -36.000000
 17.832310   5.794067 -36.000000
 20.804362   6.759745 -36.000000
 11.020975  15.169068 -33.000000
 11.020975  15.169068 -33.000000
 20.804362   6.759745 -36.000000
 12.857804  17.697246 -33.000000
 11.020975  15.169068 -33.000000
 12.857804  17.697246 -33.000000
  0.000002  18.750000 -30.000000
  0.000002  18.750000 -30.000000
 12.857804  17.697246 -33.000000
  0.000002  21.875000 -30.000000
  0.000002  18.750000 -30.000000
  0.000002  21.875000 -30.000000
-11.020972  15.169070 -27.000000
-11.020972  15.169070 -27.000000
  0.000002  21.875000 -30.000000
-12.857800  17.697248 -27.000000
-11.020972  15.169070 -27.000000
-12.857800  17.697248 -27.000000
-17.832309   5.794071 -24.000000
-17.832309   5.794071 -24.000000
-12.857800  17.697248 -27.000000
-20.804360   6.759749 -24.000000
-17.832309   5.794071 -24.000000
-20.804360   6.759749 -24.000000
-17.832310  -5.794066 -21.000000
-17.832310  -5.794066 -21.000000
-20.804360   6.759749 -24.000000
-20.804362  -6.759744 -21.000000
-17.832310  -5.794066 -21.000000
-20.804362  -6.759744 -21.000000
-11.020976 -15.169067 -18.000000
-11.020976 -15.169067 -18.000000
-20.804362  -6.759744 -21.000000
-12.857805 -17.697245 -18.000000
-11.020976 -15.169067 -18.000000
-12.857805 -17.697245 -18.000000
 -0.000003 -18.750000 -15.000000
 -0.000003 -18.750000 -15.000000
-12.857805 -17.697245 -18.000000
 -0.000004 -21.875000 -15.000000
 -0.000003 -18.750000 -15.000000
 -0.000004 -21.875000 -15.000000
 11.020971 -15.169071 -12.000000
 11.020971 -15.169071 -12.000000
 -0.000004 -21.875000 -15.000000
 12.857799 -17.697249 -12.000000
 11.020971 -15.169071 -12.000000
 12.857799 -17.697249 -12.000000
 17.832309  -5.794072  -9.000000
 17.832309  -5.794072  -9.000000
 12.857799 -17.697249 -12.000000
 20.804360  -6.759751  -9.000000
 17.832309  -5.794072  -9.000000
 20.804360  -6.759751  -9.000000
 17.832311   5.794065  -6.000000
 17.832311   5.794065  -6.000000
 20.804360  -6.759751  -9.000000
 20.804363   6.759743  -6.000000
 17.832311   5.794065  -6.000000
 20.804363   6.759743  -6.000000
 11.020977  15.169066  -3.000000
 11.020977  15.169066  -3.000000
 20.804363   6.759743  -6.000000
 12.857806  17.697244  -3.000000
 11.020977  15.169066  -3.000000
 12.857806  17.697244  -3.000000
  0.000004  18.750000  -0.000000
  0.000004  18.750000  -0.000000
 12.857806  17.697244  -3.000000
  0.000005  21.875000  -0.000000
  0.000004  18.750000  -0.000000
  0.000005  21.875000  -0.000000
-11.020970  15.169071   3.000000
-11.020970  15.169071   3.000000
  0.000005  21.875000  -0.000000
-12.857798  17.697250   3.000000
-11.020970  15.169071   3.000000
-12.857798  17.697250   3.000000
-17.832308   5.794073   6.000000
-17.832308   5.794073   6.000000
-12.857798  17.697250   3.000000
-20.804360   6.759752   6.000000
-17.832308   5.794073   6.000000
-20.804360   6.759752   6.000000
-17.832311  -5.794064   9.000000
-17.832311  -5.794064   9.000000
-20.804360   6.759752   6.000000
-20.804363  -6.759742   9.000000
-17.832311  -5.794064   9.000000
-20.804363  -6.759742   9.000000
-11.020977 -15.169066  12.000000
-11.020977 -15.169066  12.000000
-20.804363  -6.759742   9.000000
-12.857807 -17.697243  12.000000
-11.020977 -15.169066  12.000000
-12.857807 -17.697243  12.000000
 -0.000005 -18.750000  15.000000
 -0.000005 -18.750000  15.000000
-12.857807 -17.697243  12.000000
 -0.000006 -21.875000  15.000000
 -0.000005 -18.750000  15.000000
 -0.000006 -21.875000  15.000000
 11.020969 -15.169072  18.000000
 11.020969 -15.169072  18.000000
 -0.000006 -21.875000  15.000000
 12.857797 -17.697250  18.000000
 11.020969 -15.169072  18.000000
 12.857797 -17.697250  18.000000
 17.832308  -5.794074  21.000000
 17.832308  -5.794074  21.000000
 12.857797 -17.697250  18.000000
 20.804359  -6.759753  21.000000
 17.832308  -5.794074  21.000000
 20.804359  -6.759753  21.000000
 17.832311   5.794063  24.000000
 17.832311   5.794063  24.000000
 20.804359  -6.759753  21.000000
 20.804363   6.759741  24.000000
 17.832311   5.794063  24.000000
 20.804363   6.759741  24.000000
 11.020978  15.169065  27.000000
 11.020978  15.169065  27.000000
 20.804363   6.759741  24.000000
 12.857808  17.697243  27.000000
 11.020978  15.169065  27.000000
 12.857808  17.697243  27.000000
  0.000006  18.750000  30.000000
  0.000006  18.750000  30.000000
 12.857808  17.697243  27.000000
  0.000007  21.875000  30.000000
  0.000006  18.750000  30.000000
  0.000007  21.875000  30.000000
-11.020968  15.169072  33.000000
-11.020968  15.169072  33.000000
  0.000007  21.875000  30.000000
-12.857797  17.697251  33.000000
-11.020968  15.169072  33.000000
-12.857797  17.697251  33.000000
-17.832308   5.794075  36.000000
-17.832308   5.794075  36.000000
-12.857797  17.697251  33.000000
-20.804359   6.759754  36.000000
-17.832308   5.794075  36.000000
-20.804359   6.759754  36.000000
-17.832312  -5.794062  39.000000
-17.832312  -5.794062  39.000000
-20.804359   6.759754  36.000000
-20.804364  -6.759739  39.000000
-17.832312  -5.794062  39.000000
-20.804364  -6.759739  39.000000
-11.020979 -15.169065  42.000000
-11.020979 -15.169065  42.000000
-20.804364  -6.759739  39.000000
-12.857809 -17.697242  42.000000
-11.020979 -15.169065  42.000000
-12.857809 -17.697242  42.000000
 -0.000007 -18.750000  45.000000
 -0.000007 -18.750000  45.000000
-12.857809 -17.697242  42.000000
 -0.000008 -21.875000  45.000000
 -0.000007 -18.750000  45.000000
 -0.000008 -21.875000  45.000000
 11.020968 -15.169073  48.000000
 11.020968 -15.169073  48.000000
 -0.000008 -21.875000  45.000000
 12.857796 -17.697252  48.000000
 11.020968 -15.169073  48.000000
 12.857796 -17.697252  48.000000
 17.832307  -5.794076  51.000000
 17.832307  -5.794076  51.000000
 12.857796 -17.697252  48.000000
 20.804359  -6.759755  51.000000
 17.832307  -5.794076  51.000000
 20.804359  -6.759755  51.000000
 17.832312   5.794061  54.000000
 17.832312   5.794061  54.000000
 20.804359  -6.759755  51.000000
 20.804364   6.759738  54.000000
 17.832312   5.794061  54.000000
 20.804364   6.759738  54.000000
 11.020980  15.169064  57.000000
 11.020980  15.169064  57.000000
 20.804364   6.759738  54.000000
 12.857810  17.697241  57.000000
 11.020980  15.169064  57.000000
 12.857810  17.697241  57.000000
  0.000008  18.750000  60.000000
  0.000008  18.750000  60.000000
 12.857810  17.697241  57.000000
  0.000009  21.875000  60.000000
  0.000000  21.875000 -60.000000
  0.000000  25.000000 -60.000000
-12.857802  17.697247 -57.000000
-12.857802  17.697247 -57.000000
  0.000000  25.000000 -60.000000
-14.694631  20.225425 -57.000000
-12.857802  17.697247 -57.000000
-14.694631  20.225425 -57.000000
-20.804361   6.759747 -54.000000
-20.804361   6.759747 -54.000000
-14.694631  20.225425 -57.000000
-23.776413   7.725425 -54.000000
-20.804361   6.759747 -54.000000
-23.776413   7.725425 -54.000000
-20.804362  -6.759746 -51.000000
-20.804362  -6.759746 -51.000000
-23.776413   7.725425 -54.000000
-23.776413  -7.725424 -51.000000
-20.804362  -6.759746 -51.000000
-23.776413  -7.725424 -51.000000
-12.857803 -17.697246 -48.000000
-12.857803 -17.697246 -48.000000
-23.776413  -7.725424 -51.000000
-14.694632 -20.225424 -48.000000
-12.857803 -17.697246 -48.000000
-14.694632 -20.225424 -48.000000
 -0.000001 -21.875000 -45.000000
 -0.000001 -21.875000 -45.000000
-14.694632 -20.225424 -48.000000
 -0.000001 -25.000000 -45.000000
 -0.000001 -21.875000 -45.000000
 -0.000001 -25.000000 -45.000000
 12.857801 -17.697248 -42.000000
 12.857801 -17.697248 -42.000000
 -0.000001 -25.000000 -45.000000
 14.694630 -20.225426 -42.000000
 12.857801 -17.697248 -42.000000
 14.694630 -20.225426 -42.000000
 20.804361  -6.759748 -39.000000
 20.804361  -6.759748 -39.000000
 14.694630 -20.225426 -42.000000
 23.776412  -7.725427 -39.000000
 20.804361  -6.759748 -39.000000
 23.776412  -7.725427 -39.000000
 20.804362   6.759745 -36.000000
 20.804362   6.759745 -36.000000
 23.776412  -7.725427 -39.000000
 23.776414   7.725423 -36.000000
 20.804362   6.759745 -36.000000
 23.776414   7.725423 -36.000000
 12.857804  17.697246 -33.000000
 12.857804  17.697246 -33.000000
 23.776414   7.725423 -36.000000
 14.694633  20.225423 -33.000000
 12.857804  17.697246 -33.000000
 14.694633  20.225423 -33.000000
  0.000002  21.875000 -30.000000
  0.000002  21.875000 -30.000000
 14.694633  20.225423 -33.000000
  0.000003  25.000000 -30.000000
  0.000002  21.875000 -30.000000
  0.000003  25.000000 -30.000000
-12.857800  17.697248 -27.000000
-12.857800  17.697248 -27.000000
  0.000003  25.000000 -30.000000
-14.694629  20.225427 -27.000000
-12.857800  17.697248 -27.000000
-14.694629  20.225427 -27.000000
-20.804360   6.759749 -24.000000
-20.804360   6.759749 -24.000000
-14.694629  20.225427 -27.000000
-23.776412   7.725428 -24.000000
-20.804360   6.759749 -24.000000
-23.776412   7.725428 -24.000000
-20.804362  -6.759744 -21.000000
-20.804362  -6.759744 -21.000000
-23.776412   7.725428 -24.000000
-23.776414  -7.725422 -21.000000
-20.804362  -6.759744 -21.000000
-23.776414  -7.725422 -21.000000
-12.857805 -17.697245 -18.000000
-12.857805 -17.697245 -18.000000
-23.776414  -7.725422 -21.000000
-14.694634 -20.225423 -18.000000
-12.857805 -17.697245 -18.000000
-14.694634 -20.225423 -18.000000
 -0.000004 -21.875000 -15.000000
 -0.000004 -21.875000 -15.000000
-14.694634 -20.225423 -18.000000
 -0.000004 -25.000000 -15.000000
 -0.000004 -21.875000 -15.000000
 -0.000004 -25.000000 -15.000000
 12.857799 -17.697249 -12.000000
 12.857799 -17.697249 -12.000000
 -0.000004 -25.000000 -15.000000
 14.694628 -20.225427 -12.000000
 12.857799 -17.697249 -12.000000
 14.694628 -20.225427 -12.000000
 20.804360  -6.759751  -9.000000
 20.804360  -6.759751  -9.000000
 14.694628 -20.225427 -12.000000
 23.776411  -7.725429  -9.000000
 20.804360  -6.759751  -9.000000
 23.776411  -7.725429  -9.000000
 20.804363   6.759743  -6.000000
 20.804363   6.759743  -6.000000
 23.776411  -7.725429  -9.000000
 23.776414   7.725420  -6.000000
 20.804363   6.759743  -6.000000
 23.776414   7.725420  -6.000000
 12.857806  17.697244  -3.000000
 12.857806  17.697244  -3.000000
 23.776414   7.725420  -6.000000
 14.694635  20.225422  -3.000000
 12.857806  17.697244  -3.000000
 14.694635  20.225422  -3.000000
  0.000005  21.875000  -0.000000
  0.000005  21.875000  -0.000000
 14.694635  20.225422  -3.000000
  0.000005  25.000000  -0.000000
  0.000005  21.875000  -0.000000
  0.000005  25.000000  -0.000000
-12.857798  17.697250   3.000000
-12.857798  17.697250   3.000000
  0.000005  25.000000  -0.000000
-14.694627  20.225428   3.000000
-12.857798  17.697250   3.000000
-14.694627  20.225428   3.000000
-20.804360   6.759752   6.000000
-20.804360   6.759752   6.000000
-14.694627  20.225428   3.000000
-23.776411   7.725430   6.000000
-20.804360   6.759752   6.000000
-23.776411   7.725430   6.000000
-20.804363  -6.759742   9.000000
-20.804363  -6.759742   9.000000
-23.776411   7.725430   6.000000
-23.776415  -7.725419   9.000000
-20.804363  -6.759742   9.000000
-23.776415  -7.725419   9.000000
-12.857807 -17.697243  12.000000
-12.857807 -17.697243  12.000000
-23.776415  -7.725419   9.000000
-14.694637 -20.225421  12.000000
-12.857807 -17.697243  12.000000
-14.694637 -20.225421  12.000000
 -0.000006 -21.875000  15.000000
 -0.000006 -21.875000  15.000000
-14.694637 -20.225421  12.000000
 -0.000007 -25.000000  15.000000
 -0.000006 -21.875000  15.000000
 -0.000007 -25.000000  15.000000
 12.857797 -17.697250  18.000000
 12.857797 -17.697250  18.000000
 -0.000007 -25.000000  15.000000
 14.694626 -20.225429  18.000000
 12.857797 -17.697250  18.000000
 14.694626 -20.225429  18.000000
 20.804359  -6.759753  21.000000
 20.804359  -6.759753  21.000000
 14.694626 -20.225429  18.000000
 23.776411  -7.725432  21.000000
 20.804359  -6.759753  21.000000
 23.776411  -7.725432  21.000000
 20.804363   6.759741  24.000000
 20.804363   6.759741  24.000000
 23.776411  -7.725432  21.000000
 23.776415   7.725418  24.000000
 20.804363   6.759741  24.000000
 23.776415   7.725418  24.000000
 12.857808  17.697243  27.000000
 12.857808  17.697243  27.000000
 23.776415   7.725418  24.000000
 14.694638  20.225420  27.000000
 12.857808  17.697243  27.000000
 14.694638  20.225420  27.000000
  0.000007  21.875000  30.000000
  0.000007  21.875000  30.000000
 14.694638  20.225420  27.000000
  0.000008  25.000000  30.000000
  0.000007  21.875000  30.000000
  0.000008  25.000000  30.000000
-12.857797  17.697251  33.000000
-12.857797  17.697251  33.000000
  0.000008  25.000000  30.000000
-14.694625  20.225430  33.000000
-12.857797  17.697251  33.000000
-14.694625  20.225430  33.000000
-20.804359   6.759754  36.000000
-20.804359   6.759754  36.000000
-14.694625  20.225430  33.000000
-23.776410   7.725433  36.000000
-20.804359   6.759754  36.000000
-23.776410   7.725433  36.000000
-20.804364  -6.759739  39.000000
-20.804364  -6.759739  39.000000
-23.776410   7.725433  36.000000
-23.776416  -7.725416  39.000000
-20.804364  -6.759739  39.000000
-23.776416  -7.725416  39.000000
-12.857809 -17.697242  42.000000
-12.857809 -17.697242  42.000000
-23.776416  -7.725416  39.000000
-14.694639 -20.225420  42.000000
-12.857809 -17.697242  42.000000
-14.694639 -20.225420  42.000000
 -0.000008 -21.875000  45.000000
 -0.000008 -21.875000  45.000000
-14.694639 -20.225420  42.000000
 -0.000009 -25.000000  45.000000
 -0.000008 -21.875000  45.000000
 -0.000009 -25.000000  45.000000
 12.857796 -17.697252  48.000000
 12.857796 -17.697252  48.000000
 -0.000009 -25.000000  45.000000
 14.694624 -20.225431  48.000000
 12.857796 -17.697252  48.000000
 14.694624 -20.225431  48.000000
 20.804359  -6.759755  51.000000
 20.804359  -6.759755  51.000000
 14.694624 -20.225431  48.000000
 23.776410  -7.725434  51.000000
 20.804359  -6.759755  51.000000
 23.776410  -7.725434  51.000000
 20.804364   6.759738  54.000000
 20.804364   6.759738  54.000000
 23.776410  -7.725434  51.000000
 23.776416   7.725415  54.000000
 20.804364   6.759738  54.000000
 23.776416   7.725415  54.000000
 12.857810  17.697241  57.000000
 12.857810  17.697241  57.000000
 23.776416   7.725415  54.000000
 14.694640  20.225419  57.000000
 12.857810  17.697241  57.000000
 14.694640  20.225419  57.000000
  0.000009  21.875000  60.000000
  0.000009  21.875000  60.000000
 14.694640  20.225419  57.000000
  0.000011  25.000000  60.000000
