640
 -8.164966  -8.164966  16.329932
 -6.721590  -6.721590  17.773307
 -7.756718  -7.756718  15.513435
 -7.756718  -7.756718  15.513435
 -6.721590  -6.721590  17.773307
 -5.837716  -6.930256  16.886167
 -7.756718  -7.756718  15.513435
 -5.837716  -6.930256  16.886167
 -7.348469  -7.348469  14.696938
 -7.348469  -7.348469  14.696938
 -5.837716  -6.930256  16.886167
 -5.141686  -7.219821  15.864654
 -7.348469  -7.348469  14.696938
 -5.141686  -7.219821  15.864654
 -6.940221  -6.940221  13.880442
 -6.940221  -6.940221  13.880442
 -5.141686  -7.219821  15.864654
 -4.661672  -7.521979  14.728837
 -6.940221  -6.940221  13.880442
 -4.661672  -7.521979  14.728837
 -6.531973  -6.531973  13.063945
 -6.531973  -6.531973  13.063945
 -4.661672  -7.521979  14.728837
 -4.404699  -7.767191  13.509973
 -6.531973  -6.531973  13.063945
 -4.404699  -7.767191  13.509973
 -6.123724  -6.123724  12.247449
 -6.123724  -6.123724  12.247449
 -4.404699  -7.767191  13.509973
 -4.355957  -7.891491  12.247449
 -6.123724  -6.123724  12.247449
 -4.355957  -7.891491  12.247449
 -5.715476  -5.715476  11.430952
 -5.715476  -5.715476  11.430952
 -4.355957  -7.891491  12.247449
 -4.480257  -7.842750  10.984925
 -5.715476  -5.715476  11.430952
 -4.480257  -7.842750  10.984925
 -5.307228  -5.307228  10.614456
 -5.307228  -5.307228  10.614456
 -4.480257  -7.842750  10.984925
 -4.725469  -7.585776   9.766061
 -5.307228  -5.307228  10.614456
 -4.725469  -7.585776   9.766061
 -4.898979  -4.898979   9.797959
 -4.898979  -4.898979   9.797959
 -4.725469  -7.585776   9.766061
 -5.027627  -7.105762   8.630244
 -4.898979  -4.898979   9.797959
 -5.027627  -7.105762   8.630244
 -4.490731  -4.490731   8.981462
 -4.490731  -4.490731   8.981462
 -5.027627  -7.105762   8.630244
 -5.317193  -6.409733   7.608731
 -4.490731  -4.490731   8.981462
 -5.317193  -6.409733   7.608731
 -4.082483  -4.082483   8.164966
 -4.082483  -4.082483   8.164966
 -5.317193  -6.409733   7.608731
 -5.525858  -5.525859   6.721590
 -4.082483  -4.082483   8.164966
 -5.525858  -5.525859   6.721590
 -3.674235  -3.674235   7.348469
 -3.674235  -3.674235   7.348469
 -5.525858  -5.525859   6.721590
 -5.593236  -4.500697   5.975737
 -3.674235  -3.674235   7.348469
 -5.593236  -4.500697   5.975737
 -3.265986  -3.265986   6.531973
 -3.265986  -3.265986   6.531973
 -5.593236  -4.500697   5.975737
 -5.472769  -3.394635   5.364257
 -3.265986  -3.265986   6.531973
 -5.472769  -3.394635   5.364257
 -2.857738  -2.857738   5.715476
 -2.857738  -2.857738   5.715476
 -5.472769  -3.394635   5.364257
 -5.136286  -2.275980   4.867081
 -2.857738  -2.857738   5.715476
 -5.136286  -2.275980   4.867081
 -2.449490  -2.449490   4.898979
 -2.449490  -2.449490   4.898979
 -5.136286  -2.275980   4.867081
 -4.576764  -1.214271   4.452952
 -2.449490  -2.449490   4.898979
 -4.576764  -1.214271   4.452952
 -2.041241  -2.041241   4.082483
 -2.041241  -2.041241   4.082483
 -4.576764  -1.214271   4.452952
 -3.809009  -0.273475   4.082483
 -2.041241  -2.041241   4.082483
 -3.809009  -0.273475   4.082483
 -1.632993  -1.632993   3.265986
 -1.632993  -1.632993   3.265986
 -3.809009  -0.273475   4.082483
 -2.868212   0.494281   3.712014
 -1.632993  -1.632993   3.265986
 -2.868212   0.494281   3.712014
 -1.224745  -1.224745   2.449490
 -1.224745  -1.224745   2.449490
 -2.868212   0.494281   3.712014
 -1.806504   1.053804   3.297885
 -1.224745  -1.224745   2.449490
 -1.806504   1.053804   3.297885
 -0.816497  -0.816497   1.632993
 -0.816497  -0.816497   1.632993
 -1.806504   1.053804   3.297885
 -0.687849   1.390286   2.800709
 -0.816497  -0.816497   1.632993
 -0.687849   1.390286   2.800709
 -0.408248  -0.408248   0.816497
 -0.408248  -0.408248   0.816497
 -0.687849   1.390286   2.800709
  0.418213   1.510754   2.189228
 -0.408248  -0.408248   0.816497
  0.418213   1.510754   2.189228
  0.000000   0.000000   0.000000
  0.000000   0.000000   0.000000
  0.418213   1.510754   2.189228
  1.443375   1.443376   1.443376
  0.000000   0.000000   0.000000
  1.443375   1.443376   1.443376
  0.408248   0.408248  -0.816497
  0.408248   0.408248  -0.816497
  1.443375   1.443376   1.443376
  2.327250   1.234710   0.556235
  0.408248   0.408248  -0.816497
  2.327250   1.234710   0.556235
  0.816497   0.816497  -1.632993
  0.816497   0.816497  -1.632993
  2.327250   1.234710   0.556235
  3.023279   0.945145  -0.465278
  0.816497   0.816497  -1.632993
  3.023279   0.945145  -0.465278
  1.224745   1.224745  -2.449490
  1.224745   1.224745  -2.449490
  3.023279   0.945145  -0.465278
  3.503293   0.642987  -1.601095
  1.224745   1.224745  -2.449490
  3.503293   0.642987  -1.601095
  1.632993   1.632993  -3.265986
  1.632993   1.632993  -3.265986
  3.503293   0.642987  -1.601095
  3.760267   0.397775  -2.819959
  1.632993   1.632993  -3.265986
  3.760267   0.397775  -2.819959
  2.041241   2.041241  -4.082483
  2.041241   2.041241  -4.082483
  3.760267   0.397775  -2.819959
  3.809009   0.273475  -4.082483
  2.041241   2.041241  -4.082483
  3.809009   0.273475  -4.082483
  2.449490   2.449490  -4.898979
  2.449490   2.449490  -4.898979
  3.809009   0.273475  -4.082483
  3.684709   0.322216  -5.345007
  2.449490   2.449490  -4.898979
  3.684709   0.322216  -5.345007
  2.857738   2.857738  -5.715476
  2.857738   2.857738  -5.715476
  3.684709   0.322216  -5.345007
  3.439497   0.579190  -6.563871
  2.857738   2.857738  -5.715476
  3.439497   0.579190  -6.563871
  3.265986   3.265986  -6.531973
  3.265986   3.265986  -6.531973
  3.439497   0.579190  -6.563871
  3.137339   1.059203  -7.699688
  3.265986   3.265986  -6.531973
  3.137339   1.059203  -7.699688
  3.674235   3.674235  -7.348469
  3.674235   3.674235  -7.348469
  3.137339   1.059203  -7.699688
  2.847773   1.755233  -8.721201
  3.674235   3.674235  -7.348469
  2.847773   1.755233  -8.721201
  4.082483   4.082483  -8.164966
  4.082483   4.082483  -8.164966
  2.847773   1.755233  -8.721201
  2.639108   2.639107  -9.608341
  4.082483   4.082483  -8.164966
  2.639108   2.639107  -9.608341
  4.490731   4.490731  -8.981462
  4.490731   4.490731  -8.981462
  2.639108   2.639107  -9.608341
  2.571730   3.664269 -10.354194
  4.490731   4.490731  -8.981462
  2.571730   3.664269 -10.354194
  4.898979   4.898979  -9.797959
  4.898979   4.898979  -9.797959
  2.571730   3.664269 -10.354194
  2.692197   4.770331 -10.965675
  4.898979   4.898979  -9.797959
  2.692197   4.770331 -10.965675
  5.307228   5.307228 -10.614456
  5.307228   5.307228 -10.614456
  2.692197   4.770331 -10.965675
  3.028679   5.888986 -11.462851
  5.307228   5.307228 -10.614456
  3.028679   5.888986 -11.462851
  5.715476   5.715476 -11.430952
  5.715476   5.715476 -11.430952
  3.028679   5.888986 -11.462851
  3.588202   6.950694 -11.876980
  5.715476   5.715476 -11.430952
  3.588202   6.950694 -11.876980
  6.123724   6.123724 -12.247449
  6.123724   6.123724 -12.247449
  3.588202   6.950694 -11.876980
  4.355957   7.891491 -12.247449
  6.123724   6.123724 -12.247449
  4.355957   7.891491 -12.247449
  6.531973   6.531973 -13.063945
  6.531973   6.531973 -13.063945
  4.355957   7.891491 -12.247449
  5.296754   8.659246 -12.617918
  6.531973   6.531973 -13.063945
  5.296754   8.659246 -12.617918
  6.940221   6.940221 -13.880442
  6.940221   6.940221 -13.880442
  5.296754   8.659246 -12.617918
  6.358462   9.218769 -13.032047
  6.940221   6.940221 -13.880442
  6.358462   9.218769 -13.032047
  7.348469   7.348469 -14.696938
  7.348469   7.348469 -14.696938
  6.358462   9.218769 -13.032047
  7.477117   9.555252 -13.529223
  7.348469   7.348469 -14.696938
  7.477117   9.555252 -13.529223
  7.756718   7.756718 -15.513435
  7.756718   7.756718 -15.513435
  7.477117   9.555252 -13.529223
  8.583179   9.675720 -14.140703
  7.756718   7.756718 -15.513435
  8.583179   9.675720 -14.140703
  8.164966   8.164966 -16.329932
  8.164966   8.164966 -16.329932
  8.583179   9.675720 -14.140703
  9.608341   9.608342 -14.886556
 -6.721590  -6.721590  17.773307
 -5.278214  -5.278214  19.216683
 -5.837716  -6.930256  16.886167
 -5.837716  -6.930256  16.886167
 -5.278214  -5.278214  19.216683
 -3.918714  -6.103794  18.258899
 -5.837716  -6.930256  16.886167
 -3.918714  -6.103794  18.258899
 -5.141686  -7.219821  15.864654
 -5.141686  -7.219821  15.864654
 -3.918714  -6.103794  18.258899
 -2.934904  -7.091173  17.032369
 -5.141686  -7.219821  15.864654
 -2.934904  -7.091173  17.032369
 -4.661672  -7.521979  14.728837
 -4.661672  -7.521979  14.728837
 -2.934904  -7.091173  17.032369
 -2.383124  -8.103738  15.577232
 -4.661672  -7.521979  14.728837
 -2.383124  -8.103738  15.577232
 -4.404699  -7.767191  13.509973
 -4.404699  -7.767191  13.509973
 -2.383124  -8.103738  15.577232
 -2.277425  -9.002410  13.956001
 -4.404699  -7.767191  13.509973
 -2.277425  -9.002410  13.956001
 -4.355957  -7.891491  12.247449
 -4.355957  -7.891491  12.247449
 -2.277425  -9.002410  13.956001
 -2.588190  -9.659258  12.247449
 -4.355957  -7.891491  12.247449
 -2.588190  -9.659258  12.247449
 -4.480257  -7.842750  10.984925
 -4.480257  -7.842750  10.984925
 -2.588190  -9.659258  12.247449
 -3.245039  -9.970024  10.538897
 -4.480257  -7.842750  10.984925
 -3.245039  -9.970024  10.538897
 -4.725469  -7.585776   9.766061
 -4.725469  -7.585776   9.766061
 -3.245039  -9.970024  10.538897
 -4.143710  -9.864325   8.917666
 -4.725469  -7.585776   9.766061
 -4.143710  -9.864325   8.917666
 -5.027627  -7.105762   8.630244
 -5.027627  -7.105762   8.630244
 -4.143710  -9.864325   8.917666
 -5.156275  -9.312545   7.462528
 -5.027627  -7.105762   8.630244
 -5.156275  -9.312545   7.462528
 -5.317193  -6.409733   7.608731
 -5.317193  -6.409733   7.608731
 -5.156275  -9.312545   7.462528
 -6.143655  -8.328735   6.235999
 -5.317193  -6.409733   7.608731
 -6.143655  -8.328735   6.235999
 -5.525858  -5.525859   6.721590
 -5.525858  -5.525859   6.721590
 -6.143655  -8.328735   6.235999
 -6.969234  -6.969234   5.278214
 -5.525858  -5.525859   6.721590
 -6.969234  -6.969234   5.278214
 -5.593236  -4.500697   5.975737
 -5.593236  -4.500697   5.975737
 -6.969234  -6.969234   5.278214
 -7.512238  -5.327158   4.603005
 -5.593236  -4.500697   5.975737
 -7.512238  -5.327158   4.603005
 -5.472769  -3.394635   5.364257
 -5.472769  -3.394635   5.364257
 -7.512238  -5.327158   4.603005
 -7.679552  -3.523283   4.196542
 -5.472769  -3.394635   5.364257
 -7.679552  -3.523283   4.196542
 -5.136286  -2.275980   4.867081
 -5.136286  -2.275980   4.867081
 -7.679552  -3.523283   4.196542
 -7.414835  -1.694221   4.018686
 -5.136286  -2.275980   4.867081
 -7.414835  -1.694221   4.018686
 -4.576764  -1.214271   4.452952
 -4.576764  -1.214271   4.452952
 -7.414835  -1.694221   4.018686
 -6.704038   0.020947   4.006924
 -4.576764  -1.214271   4.452952
 -6.704038   0.020947   4.006924
 -3.809009  -0.273475   4.082483
 -3.809009  -0.273475   4.082483
 -6.704038   0.020947   4.006924
 -5.576776   1.494292   4.082483
 -3.809009  -0.273475   4.082483
 -5.576776   1.494292   4.082483
 -2.868212   0.494281   3.712014
 -2.868212   0.494281   3.712014
 -5.576776   1.494292   4.082483
 -4.103431   2.621554   4.158041
 -2.868212   0.494281   3.712014
 -4.103431   2.621554   4.158041
 -1.806504   1.053804   3.297885
 -1.806504   1.053804   3.297885
 -4.103431   2.621554   4.158041
 -2.388262   3.332352   4.146279
 -1.806504   1.053804   3.297885
 -2.388262   3.332352   4.146279
 -0.687849   1.390286   2.800709
 -0.687849   1.390286   2.800709
 -2.388262   3.332352   4.146279
 -0.559201   3.597069   3.968424
 -0.687849   1.390286   2.800709
 -0.559201   3.597069   3.968424
  0.418213   1.510754   2.189228
  0.418213   1.510754   2.189228
 -0.559201   3.597069   3.968424
  1.244675   3.429756   3.561960
  0.418213   1.510754   2.189228
  1.244675   3.429756   3.561960
  1.443375   1.443376   1.443376
  1.443375   1.443376   1.443376
  1.244675   3.429756   3.561960
  2.886751   2.886752   2.886751
  1.443375   1.443376   1.443376
  2.886751   2.886752   2.886751
  2.327250   1.234710   0.556235
  2.327250   1.234710   0.556235
  2.886751   2.886752   2.886751
  4.246252   2.061172   1.928967
  2.327250   1.234710   0.556235
  4.246252   2.061172   1.928967
  3.023279   0.945145  -0.465278
  3.023279   0.945145  -0.465278
  4.246252   2.061172   1.928967
  5.230062   1.073793   0.702438
  3.023279   0.945145  -0.465278
  5.230062   1.073793   0.702438
  3.503293   0.642987  -1.601095
  3.503293   0.642987  -1.601095
  5.230062   1.073793   0.702438
  5.781842   0.061228  -0.752700
  3.503293   0.642987  -1.601095
  5.781842   0.061228  -0.752700
  3.760267   0.397775  -2.819959
  3.760267   0.397775  -2.819959
  5.781842   0.061228  -0.752700
  5.887541  -0.837444  -2.373931
  3.760267   0.397775  -2.819959
  5.887541  -0.837444  -2.373931
  3.809009   0.273475  -4.082483
  3.809009   0.273475  -4.082483
  5.887541  -0.837444  -2.373931
  5.576776  -1.494292  -4.082483
  3.809009   0.273475  -4.082483
  5.576776  -1.494292  -4.082483
  3.684709   0.322216  -5.345007
  3.684709   0.322216  -5.345007
  5.576776  -1.494292  -4.082483
  4.919928  -1.805058  -5.791034
  3.684709   0.322216  -5.345007
  4.919928  -1.805058  -5.791034
  3.439497   0.579190  -6.563871
  3.439497   0.579190  -6.563871
  4.919928  -1.805058  -5.791034
  4.021256  -1.699359  -7.412266
  3.439497   0.579190  -6.563871
  4.021256  -1.699359  -7.412266
  3.137339   1.059203  -7.699688
  3.137339   1.059203  -7.699688
  4.021256  -1.699359  -7.412266
  3.008691  -1.147579  -8.867403
  3.137339   1.059203  -7.699688
  3.008691  -1.147579  -8.867403
  2.847773   1.755233  -8.721201
  2.847773   1.755233  -8.721201
  3.008691  -1.147579  -8.867403
  2.021312  -0.163770 -10.093933
  2.847773   1.755233  -8.721201
  2.021312  -0.163770 -10.093933
  2.639108   2.639107  -9.608341
  2.639108   2.639107  -9.608341
  2.021312  -0.163770 -10.093933
  1.195732   1.195731 -11.051717
  2.639108   2.639107  -9.608341
  1.195732   1.195731 -11.051717
  2.571730   3.664269 -10.354194
  2.571730   3.664269 -10.354194
  1.195732   1.195731 -11.051717
  0.652728   2.837807 -11.726926
  2.571730   3.664269 -10.354194
  0.652728   2.837807 -11.726926
  2.692197   4.770331 -10.965675
  2.692197   4.770331 -10.965675
  0.652728   2.837807 -11.726926
  0.485414   4.641682 -12.133390
  2.692197   4.770331 -10.965675
  0.485414   4.641682 -12.133390
  3.028679   5.888986 -11.462851
  3.028679   5.888986 -11.462851
  0.485414   4.641682 -12.133390
  0.750131   6.470744 -12.311246
  3.028679   5.888986 -11.462851
  0.750131   6.470744 -12.311246
  3.588202   6.950694 -11.876980
  3.588202   6.950694 -11.876980
  0.750131   6.470744 -12.311246
  1.460928   8.185913 -12.323008
  3.588202   6.950694 -11.876980
  1.460928   8.185913 -12.323008
  4.355957   7.891491 -12.247449
  4.355957   7.891491 -12.247449
  1.460928   8.185913 -12.323008
  2.588190   9.659258 -12.247449
  4.355957   7.891491 -12.247449
  2.588190   9.659258 -12.247449
  5.296754   8.659246 -12.617918
  5.296754   8.659246 -12.617918
  2.588190   9.659258 -12.247449
  4.061535  10.786520 -12.171891
  5.296754   8.659246 -12.617918
  4.061535  10.786520 -12.171891
  6.358462   9.218769 -13.032047
  6.358462   9.218769 -13.032047
  4.061535  10.786520 -12.171891
  5.776703  11.497318 -12.183652
  6.358462   9.218769 -13.032047
  5.776703  11.497318 -12.183652
  7.477117   9.555252 -13.529223
  7.477117   9.555252 -13.529223
  5.776703  11.497318 -12.183652
  7.605765  11.762035 -12.361508
  7.477117   9.555252 -13.529223
  7.605765  11.762035 -12.361508
  8.583179   9.675720 -14.140703
  8.583179   9.675720 -14.140703
  7.605765  11.762035 -12.361508
  9.409640  11.594722 -12.767972
  8.583179   9.675720 -14.140703
  9.409640  11.594722 -12.767972
  9.608341   9.608342 -14.886556
  9.608341   9.608342 -14.886556
  9.409640  11.594722 -12.767972
 11.051716  11.051718 -13.443180
 -5.278214  -5.278214  19.216683
 -3.834839  -3.834839  20.660059
 -3.918714  -6.103794  18.258899
 -3.918714  -6.103794  18.258899
 -3.834839  -3.834839  20.660059
 -1.999712  -5.277332  19.631631
 -3.918714  -6.103794  18.258899
 -1.999712  -5.277332  19.631631
 -2.934904  -7.091173  17.032369
 -2.934904  -7.091173  17.032369
 -1.999712  -5.277332  19.631631
 -0.728121  -6.962525  18.200085
 -2.934904  -7.091173  17.032369
 -0.728121  -6.962525  18.200085
 -2.383124  -8.103738  15.577232
 -2.383124  -8.103738  15.577232
 -0.728121  -6.962525  18.200085
 -0.104576  -8.685497  16.425627
 -2.383124  -8.103738  15.577232
 -0.104576  -8.685497  16.425627
 -2.277425  -9.002410  13.956001
 -2.277425  -9.002410  13.956001
 -0.104576  -8.685497  16.425627
 -0.150151 -10.237629  14.402028
 -2.277425  -9.002410  13.956001
 -0.150151 -10.237629  14.402028
 -2.588190  -9.659258  12.247449
 -2.588190  -9.659258  12.247449
 -0.150151 -10.237629  14.402028
 -0.820423 -11.427025  12.247449
 -2.588190  -9.659258  12.247449
 -0.820423 -11.427025  12.247449
 -3.245039  -9.970024  10.538897
 -3.245039  -9.970024  10.538897
 -0.820423 -11.427025  12.247449
 -2.009820 -12.097298  10.092869
 -3.245039  -9.970024  10.538897
 -2.009820 -12.097298  10.092869
 -4.143710  -9.864325   8.917666
 -4.143710  -9.864325   8.917666
 -2.009820 -12.097298  10.092869
 -3.561952 -12.142873   8.069271
 -4.143710  -9.864325   8.917666
 -3.561952 -12.142873   8.069271
 -5.156275  -9.312545   7.462528
 -5.156275  -9.312545   7.462528
 -3.561952 -12.142873   8.069271
 -5.284924 -11.519328   6.294813
 -5.156275  -9.312545   7.462528
 -5.284924 -11.519328   6.294813
 -6.143655  -8.328735   6.235999
 -6.143655  -8.328735   6.235999
 -5.284924 -11.519328   6.294813
 -6.970116 -10.247737   4.863267
 -6.143655  -8.328735   6.235999
 -6.970116 -10.247737   4.863267
 -6.969234  -6.969234   5.278214
 -6.969234  -6.969234   5.278214
 -6.970116 -10.247737   4.863267
 -8.412610  -8.412610   3.834839
 -6.969234  -6.969234   5.278214
 -8.412610  -8.412610   3.834839
 -7.512238  -5.327158   4.603005
 -7.512238  -5.327158   4.603005
 -8.412610  -8.412610   3.834839
 -9.431240  -6.153620   3.230274
 -7.512238  -5.327158   4.603005
 -9.431240  -6.153620   3.230274
 -7.679552  -3.523283   4.196542
 -7.679552  -3.523283   4.196542
 -9.431240  -6.153620   3.230274
 -9.886335  -3.651931   3.028826
 -7.679552  -3.523283   4.196542
 -9.886335  -3.651931   3.028826
 -7.414835  -1.694221   4.018686
 -7.414835  -1.694221   4.018686
 -9.886335  -3.651931   3.028826
 -9.693383  -1.112463   3.170291
 -7.414835  -1.694221   4.018686
 -9.693383  -1.112463   3.170291
 -6.704038   0.020947   4.006924
 -6.704038   0.020947   4.006924
 -9.693383  -1.112463   3.170291
 -8.831312   1.256166   3.560896
 -6.704038   0.020947   4.006924
 -8.831312   1.256166   3.560896
 -5.576776   1.494292   4.082483
 -5.576776   1.494292   4.082483
 -8.831312   1.256166   3.560896
 -7.344543   3.262059   4.082483
 -5.576776   1.494292   4.082483
 -7.344543   3.262059   4.082483
 -4.103431   2.621554   4.158041
 -4.103431   2.621554   4.158041
 -7.344543   3.262059   4.082483
 -5.338650   4.748828   4.604069
 -4.103431   2.621554   4.158041
 -5.338650   4.748828   4.604069
 -2.388262   3.332352   4.146279
 -2.388262   3.332352   4.146279
 -5.338650   4.748828   4.604069
 -2.970021   5.610900   4.994674
 -2.388262   3.332352   4.146279
 -2.970021   5.610900   4.994674
 -0.559201   3.597069   3.968424
 -0.559201   3.597069   3.968424
 -2.970021   5.610900   4.994674
 -0.430553   5.803852   5.136139
 -0.559201   3.597069   3.968424
 -0.430553   5.803852   5.136139
  1.244675   3.429756   3.561960
  1.244675   3.429756   3.561960
 -0.430553   5.803852   5.136139
  2.071136   5.348758   4.934692
  1.244675   3.429756   3.561960
  2.071136   5.348758   4.934692
  2.886751   2.886752   2.886751
  2.886751   2.886752   2.886751
  2.071136   5.348758   4.934692
  4.330126   4.330128   4.330127
  2.886751   2.886752   2.886751
  4.330126   4.330128   4.330127
  4.246252   2.061172   1.928967
  4.246252   2.061172   1.928967
  4.330126   4.330128   4.330127
  6.165253   2.887634   3.301699
  4.246252   2.061172   1.928967
  6.165253   2.887634   3.301699
  5.230062   1.073793   0.702438
  5.230062   1.073793   0.702438
  6.165253   2.887634   3.301699
  7.436845   1.202442   1.870153
  5.230062   1.073793   0.702438
  7.436845   1.202442   1.870153
  5.781842   0.061228  -0.752700
  5.781842   0.061228  -0.752700
  7.436845   1.202442   1.870153
  8.060390  -0.520530   0.095695
  5.781842   0.061228  -0.752700
  8.060390  -0.520530   0.095695
  5.887541  -0.837444  -2.373931
  5.887541  -0.837444  -2.373931
  8.060390  -0.520530   0.095695
  8.014815  -2.072662  -1.927903
  5.887541  -0.837444  -2.373931
  8.014815  -2.072662  -1.927903
  5.576776  -1.494292  -4.082483
  5.576776  -1.494292  -4.082483
  8.014815  -2.072662  -1.927903
  7.344543  -3.262059  -4.082482
  5.576776  -1.494292  -4.082483
  7.344543  -3.262059  -4.082482
  4.919928  -1.805058  -5.791034
  4.919928  -1.805058  -5.791034
  7.344543  -3.262059  -4.082482
  6.155147  -3.932332  -6.237062
  4.919928  -1.805058  -5.791034
  6.155147  -3.932332  -6.237062
  4.021256  -1.699359  -7.412266
  4.021256  -1.699359  -7.412266
  6.155147  -3.932332  -6.237062
  4.603015  -3.977907  -8.260660
  4.021256  -1.699359  -7.412266
  4.603015  -3.977907  -8.260660
  3.008691  -1.147579  -8.867403
  3.008691  -1.147579  -8.867403
  4.603015  -3.977907  -8.260660
  2.880043  -3.354362 -10.035119
  3.008691  -1.147579  -8.867403
  2.880043  -3.354362 -10.035119
  2.021312  -0.163770 -10.093933
  2.021312  -0.163770 -10.093933
  2.880043  -3.354362 -10.035119
  1.194850  -2.082772 -11.466665
  2.021312  -0.163770 -10.093933
  1.194850  -2.082772 -11.466665
  1.195732   1.195731 -11.051717
  1.195732   1.195731 -11.051717
  1.194850  -2.082772 -11.466665
 -0.247643  -0.247645 -12.495093
  1.195732   1.195731 -11.051717
 -0.247643  -0.247645 -12.495093
  0.652728   2.837807 -11.726926
  0.652728   2.837807 -11.726926
 -0.247643  -0.247645 -12.495093
 -1.266274   2.011345 -13.099658
  0.652728   2.837807 -11.726926
 -1.266274   2.011345 -13.099658
  0.485414   4.641682 -12.133390
  0.485414   4.641682 -12.133390
 -1.266274   2.011345 -13.099658
 -1.721369   4.513034 -13.301106
  0.485414   4.641682 -12.133390
 -1.721369   4.513034 -13.301106
  0.750131   6.470744 -12.311246
  0.750131   6.470744 -12.311246
 -1.721369   4.513034 -13.301106
 -1.528418   7.052502 -13.159641
  0.750131   6.470744 -12.311246
 -1.528418   7.052502 -13.159641
  1.460928   8.185913 -12.323008
  1.460928   8.185913 -12.323008
 -1.528418   7.052502 -13.159641
 -0.666346   9.421131 -12.769036
  1.460928   8.185913 -12.323008
 -0.666346   9.421131 -12.769036
  2.588190   9.659258 -12.247449
  2.588190   9.659258 -12.247449
 -0.666346   9.421131 -12.769036
  0.820423  11.427024 -12.247450
  2.588190   9.659258 -12.247449
  0.820423  11.427024 -12.247450
  4.061535  10.786520 -12.171891
  4.061535  10.786520 -12.171891
  0.820423  11.427024 -12.247450
  2.826316  12.913794 -11.725863
  4.061535  10.786520 -12.171891
  2.826316  12.913794 -11.725863
  5.776703  11.497318 -12.183652
  5.776703  11.497318 -12.183652
  2.826316  12.913794 -11.725863
  5.194944  13.775866 -11.335258
  5.776703  11.497318 -12.183652
  5.194944  13.775866 -11.335258
  7.605765  11.762035 -12.361508
  7.605765  11.762035 -12.361508
  5.194944  13.775866 -11.335258
  7.734412  13.968818 -11.193793
  7.605765  11.762035 -12.361508
  7.734412  13.968818 -11.193793
  9.409640  11.594722 -12.767972
  9.409640  11.594722 -12.767972
  7.734412  13.968818 -11.193793
 10.236102  13.513724 -11.395240
  9.409640  11.594722 -12.767972
 10.236102  13.513724 -11.395240
 11.051716  11.051718 -13.443180
 11.051716  11.051718 -13.443180
 10.236102  13.513724 -11.395240
 12.495092  12.495094 -11.999805
 -3.834839  -3.834839  20.660059
 -2.391463  -2.391463  22.103434
 -1.999712  -5.277332  19.631631
 -1.999712  -5.277332  19.631631
 -2.391463  -2.391463  22.103434
 -0.080710  -4.450870  21.004362
 -1.999712  -5.277332  19.631631
 -0.080710  -4.450870  21.004362
 -0.728121  -6.962525  18.200085
 -0.728121  -6.962525  18.200085
 -0.080710  -4.450870  21.004362
  1.478662  -6.833877  19.367800
 -0.728121  -6.962525  18.200085
  1.478662  -6.833877  19.367800
 -0.104576  -8.685497  16.425627
 -0.104576  -8.685497  16.425627
  1.478662  -6.833877  19.367800
  2.173973  -9.267255  17.274022
 -0.104576  -8.685497  16.425627
  2.173973  -9.267255  17.274022
 -0.150151 -10.237629  14.402028
 -0.150151 -10.237629  14.402028
  2.173973  -9.267255  17.274022
  1.977123 -11.472847  14.848056
 -0.150151 -10.237629  14.402028
  1.977123 -11.472847  14.848056
 -0.820423 -11.427025  12.247449
 -0.820423 -11.427025  12.247449
  1.977123 -11.472847  14.848056
  0.947344 -13.194792  12.247449
 -0.820423 -11.427025  12.247449
  0.947344 -13.194792  12.247449
 -2.009820 -12.097298  10.092869
 -2.009820 -12.097298  10.092869
  0.947344 -13.194792  12.247449
 -0.774601 -14.224572   9.646842
 -2.009820 -12.097298  10.092869
 -0.774601 -14.224572   9.646842
 -3.561952 -12.142873   8.069271
 -3.561952 -12.142873   8.069271
 -0.774601 -14.224572   9.646842
 -2.980193 -14.421422   7.220876
 -3.561952 -12.142873   8.069271
 -2.980193 -14.421422   7.220876
 -5.284924 -11.519328   6.294813
 -5.284924 -11.519328   6.294813
 -2.980193 -14.421422   7.220876
 -5.413572 -13.726111   5.127097
 -5.284924 -11.519328   6.294813
 -5.413572 -13.726111   5.127097
 -6.970116 -10.247737   4.863267
 -6.970116 -10.247737   4.863267
 -5.413572 -13.726111   5.127097
 -7.796578 -12.166739   3.490535
 -6.970116 -10.247737   4.863267
 -7.796578 -12.166739   3.490535
 -8.412610  -8.412610   3.834839
 -8.412610  -8.412610   3.834839
 -7.796578 -12.166739   3.490535
 -9.855985  -9.855986   2.391463
 -8.412610  -8.412610   3.834839
 -9.855985  -9.855986   2.391463
 -9.431240  -6.153620   3.230274
 -9.431240  -6.153620   3.230274
 -9.855985  -9.855986   2.391463
-11.350242  -6.980082   1.857542
 -9.431240  -6.153620   3.230274
-11.350242  -6.980082   1.857542
 -9.886335  -3.651931   3.028826
 -9.886335  -3.651931   3.028826
-11.350242  -6.980082   1.857542
-12.093117  -3.780579   1.861111
 -9.886335  -3.651931   3.028826
-12.093117  -3.780579   1.861111
 -9.693383  -1.112463   3.170291
 -9.693383  -1.112463   3.170291
-12.093117  -3.780579   1.861111
-11.971932  -0.530704   2.321896
 -9.693383  -1.112463   3.170291
-11.971932  -0.530704   2.321896
 -8.831312   1.256166   3.560896
 -8.831312   1.256166   3.560896
-11.971932  -0.530704   2.321896
-10.958586   2.491384   3.114869
 -8.831312   1.256166   3.560896
-10.958586   2.491384   3.114869
 -7.344543   3.262059   4.082483
 -7.344543   3.262059   4.082483
-10.958586   2.491384   3.114869
 -9.112310   5.029826   4.082482
 -7.344543   3.262059   4.082483
 -9.112310   5.029826   4.082482
 -5.338650   4.748828   4.604069
 -5.338650   4.748828   4.604069
 -9.112310   5.029826   4.082482
 -6.573868   6.876102   5.050096
 -5.338650   4.748828   4.604069
 -6.573868   6.876102   5.050096
 -2.970021   5.610900   4.994674
 -2.970021   5.610900   4.994674
 -6.573868   6.876102   5.050096
 -3.551780   7.889449   5.843069
 -2.970021   5.610900   4.994674
 -3.551780   7.889449   5.843069
 -0.430553   5.803852   5.136139
 -0.430553   5.803852   5.136139
 -3.551780   7.889449   5.843069
 -0.301905   8.010635   6.303855
 -0.430553   5.803852   5.136139
 -0.301905   8.010635   6.303855
  2.071136   5.348758   4.934692
  2.071136   5.348758   4.934692
 -0.301905   8.010635   6.303855
  2.897598   7.267760   6.307424
  2.071136   5.348758   4.934692
  2.897598   7.267760   6.307424
  4.330126   4.330128   4.330127
  4.330126   4.330128   4.330127
  2.897598   7.267760   6.307424
  5.773502   5.773503   5.773503
  4.330126   4.330128   4.330127
  5.773502   5.773503   5.773503
  6.165253   2.887634   3.301699
  6.165253   2.887634   3.301699
  5.773502   5.773503   5.773503
  8.084255   3.714096   4.674431
  6.165253   2.887634   3.301699
  8.084255   3.714096   4.674431
  7.436845   1.202442   1.870153
  7.436845   1.202442   1.870153
  8.084255   3.714096   4.674431
  9.643627   1.331090   3.037869
  7.436845   1.202442   1.870153
  9.643627   1.331090   3.037869
  8.060390  -0.520530   0.095695
  8.060390  -0.520530   0.095695
  9.643627   1.331090   3.037869
 10.338939  -1.102288   0.944091
  8.060390  -0.520530   0.095695
 10.338939  -1.102288   0.944091
  8.014815  -2.072662  -1.927903
  8.014815  -2.072662  -1.927903
 10.338939  -1.102288   0.944091
 10.142089  -3.307881  -1.481875
  8.014815  -2.072662  -1.927903
 10.142089  -3.307881  -1.481875
  7.344543  -3.262059  -4.082482
  7.344543  -3.262059  -4.082482
 10.142089  -3.307881  -1.481875
  9.112310  -5.029826  -4.082482
  7.344543  -3.262059  -4.082482
  9.112310  -5.029826  -4.082482
  6.155147  -3.932332  -6.237062
  6.155147  -3.932332  -6.237062
  9.112310  -5.029826  -4.082482
  7.390365  -6.059605  -6.683089
  6.155147  -3.932332  -6.237062
  7.390365  -6.059605  -6.683089
  4.603015  -3.977907  -8.260660
  4.603015  -3.977907  -8.260660
  7.390365  -6.059605  -6.683089
  5.184774  -6.256456  -9.109055
  4.603015  -3.977907  -8.260660
  5.184774  -6.256456  -9.109055
  2.880043  -3.354362 -10.035119
  2.880043  -3.354362 -10.035119
  5.184774  -6.256456  -9.109055
  2.751395  -5.561145 -11.202834
  2.880043  -3.354362 -10.035119
  2.751395  -5.561145 -11.202834
  1.194850  -2.082772 -11.466665
  1.194850  -2.082772 -11.466665
  2.751395  -5.561145 -11.202834
  0.368389  -4.001774 -12.839396
  1.194850  -2.082772 -11.466665
  0.368389  -4.001774 -12.839396
 -0.247643  -0.247645 -12.495093
 -0.247643  -0.247645 -12.495093
  0.368389  -4.001774 -12.839396
 -1.691019  -1.691021 -13.938469
 -0.247643  -0.247645 -12.495093
 -1.691019  -1.691021 -13.938469
 -1.266274   2.011345 -13.099658
 -1.266274   2.011345 -13.099658
 -1.691019  -1.691021 -13.938469
 -3.185275   1.184883 -14.472390
 -1.266274   2.011345 -13.099658
 -3.185275   1.184883 -14.472390
 -1.721369   4.513034 -13.301106
 -1.721369   4.513034 -13.301106
 -3.185275   1.184883 -14.472390
 -3.928151   4.384386 -14.468821
 -1.721369   4.513034 -13.301106
 -3.928151   4.384386 -14.468821
 -1.528418   7.052502 -13.159641
 -1.528418   7.052502 -13.159641
 -3.928151   4.384386 -14.468821
 -3.806966   7.634261 -14.008036
 -1.528418   7.052502 -13.159641
 -3.806966   7.634261 -14.008036
 -0.666346   9.421131 -12.769036
 -0.666346   9.421131 -12.769036
 -3.806966   7.634261 -14.008036
 -2.793620  10.656349 -13.215064
 -0.666346   9.421131 -12.769036
 -2.793620  10.656349 -13.215064
  0.820423  11.427024 -12.247450
  0.820423  11.427024 -12.247450
 -2.793620  10.656349 -13.215064
 -0.947345  13.194791 -12.247450
  0.820423  11.427024 -12.247450
 -0.947345  13.194791 -12.247450
  2.826316  12.913794 -11.725863
  2.826316  12.913794 -11.725863
 -0.947345  13.194791 -12.247450
  1.591096  15.041068 -11.279836
  2.826316  12.913794 -11.725863
  1.591096  15.041068 -11.279836
  5.194944  13.775866 -11.335258
  5.194944  13.775866 -11.335258
  1.591096  15.041068 -11.279836
  4.613185  16.054415 -10.486863
  5.194944  13.775866 -11.335258
  4.613185  16.054415 -10.486863
  7.734412  13.968818 -11.193793
  7.734412  13.968818 -11.193793
  4.613185  16.054415 -10.486863
  7.863060  16.175601 -10.026077
  7.734412  13.968818 -11.193793
  7.863060  16.175601 -10.026077
 10.236102  13.513724 -11.395240
 10.236102  13.513724 -11.395240
  7.863060  16.175601 -10.026077
 11.062563  15.432726 -10.022508
 10.236102  13.513724 -11.395240
 11.062563  15.432726 -10.022508
 12.495092  12.495094 -11.999805
 12.495092  12.495094 -11.999805
 11.062563  15.432726 -10.022508
 13.938467  13.938470 -10.556429
 -2.391463  -2.391463  22.103434
 -0.948087  -0.948087  23.546810
 -0.080710  -4.450870  21.004362
 -0.080710  -4.450870  21.004362
 -0.948087  -0.948087  23.546810
  1.838292  -3.624408  22.377094
 -0.080710  -4.450870  21.004362
  1.838292  -3.624408  22.377094
  1.478662  -6.833877  19.367800
  1.478662  -6.833877  19.367800
  1.838292  -3.624408  22.377094
  3.685445  -6.705229  20.535516
  1.478662  -6.833877  19.367800
  3.685445  -6.705229  20.535516
  2.173973  -9.267255  17.274022
  2.173973  -9.267255  17.274022
  3.685445  -6.705229  20.535516
  4.452521  -9.849014  18.122417
  2.173973  -9.267255  17.274022
  4.452521  -9.849014  18.122417
  1.977123 -11.472847  14.848056
  1.977123 -11.472847  14.848056
  4.452521  -9.849014  18.122417
  4.104397 -12.708066  15.294084
  1.977123 -11.472847  14.848056
  4.104397 -12.708066  15.294084
  0.947344 -13.194792  12.247449
  0.947344 -13.194792  12.247449
  4.104397 -12.708066  15.294084
  2.715111 -14.962559  12.247449
  0.947344 -13.194792  12.247449
  2.715111 -14.962559  12.247449
 -0.774601 -14.224572   9.646842
 -0.774601 -14.224572   9.646842
  2.715111 -14.962559  12.247449
  0.460618 -16.351845   9.200814
 -0.774601 -14.224572   9.646842
  0.460618 -16.351845   9.200814
 -2.980193 -14.421422   7.220876
 -2.980193 -14.421422   7.220876
  0.460618 -16.351845   9.200814
 -2.398434 -16.699970   6.372481
 -2.980193 -14.421422   7.220876
 -2.398434 -16.699970   6.372481
 -5.413572 -13.726111   5.127097
 -5.413572 -13.726111   5.127097
 -2.398434 -16.699970   6.372481
 -5.542220 -15.932894   3.959382
 -5.413572 -13.726111   5.127097
 -5.542220 -15.932894   3.959382
 -7.796578 -12.166739   3.490535
 -7.796578 -12.166739   3.490535
 -5.542220 -15.932894   3.959382
 -8.623040 -14.085741   2.117803
 -7.796578 -12.166739   3.490535
 -8.623040 -14.085741   2.117803
 -9.855985  -9.855986   2.391463
 -9.855985  -9.855986   2.391463
 -8.623040 -14.085741   2.117803
-11.299361 -11.299362   0.948087
 -9.855985  -9.855986   2.391463
-11.299361 -11.299362   0.948087
-11.350242  -6.980082   1.857542
-11.350242  -6.980082   1.857542
-11.299361 -11.299362   0.948087
-13.269244  -7.806544   0.484810
-11.350242  -6.980082   1.857542
-13.269244  -7.806544   0.484810
-12.093117  -3.780579   1.861111
-12.093117  -3.780579   1.861111
-13.269244  -7.806544   0.484810
-14.299900  -3.909228   0.693395
-12.093117  -3.780579   1.861111
-14.299900  -3.909228   0.693395
-11.971932  -0.530704   2.321896
-11.971932  -0.530704   2.321896
-14.299900  -3.909228   0.693395
-14.250480   0.051054   1.473501
-11.971932  -0.530704   2.321896
-14.250480   0.051054   1.473501
-10.958586   2.491384   3.114869
-10.958586   2.491384   3.114869
-14.250480   0.051054   1.473501
-13.085860   3.726603   2.668841
-10.958586   2.491384   3.114869
-13.085860   3.726603   2.668841
 -9.112310   5.029826   4.082482
 -9.112310   5.029826   4.082482
-13.085860   3.726603   2.668841
-10.880077   6.797593   4.082482
 -9.112310   5.029826   4.082482
-10.880077   6.797593   4.082482
 -6.573868   6.876102   5.050096
 -6.573868   6.876102   5.050096
-10.880077   6.797593   4.082482
 -7.809087   9.003376   5.496124
 -6.573868   6.876102   5.050096
 -7.809087   9.003376   5.496124
 -3.551780   7.889449   5.843069
 -3.551780   7.889449   5.843069
 -7.809087   9.003376   5.496124
 -4.133539  10.167997   6.691464
 -3.551780   7.889449   5.843069
 -4.133539  10.167997   6.691464
 -0.301905   8.010635   6.303855
 -0.301905   8.010635   6.303855
 -4.133539  10.167997   6.691464
 -0.173257  10.217418   7.471570
 -0.301905   8.010635   6.303855
 -0.173257  10.217418   7.471570
  2.897598   7.267760   6.307424
  2.897598   7.267760   6.307424
 -0.173257  10.217418   7.471570
  3.724060   9.186762   7.680156
  2.897598   7.267760   6.307424
  3.724060   9.186762   7.680156
  5.773502   5.773503   5.773503
  5.773502   5.773503   5.773503
  3.724060   9.186762   7.680156
  7.216877   7.216879   7.216878
  5.773502   5.773503   5.773503
  7.216877   7.216879   7.216878
  8.084255   3.714096   4.674431
  8.084255   3.714096   4.674431
  7.216877   7.216879   7.216878
 10.003257   4.540559   6.047163
  8.084255   3.714096   4.674431
 10.003257   4.540559   6.047163
  9.643627   1.331090   3.037869
  9.643627   1.331090   3.037869
 10.003257   4.540559   6.047163
 11.850410   1.459738   4.205585
  9.643627   1.331090   3.037869
 11.850410   1.459738   4.205585
 10.338939  -1.102288   0.944091
 10.338939  -1.102288   0.944091
 11.850410   1.459738   4.205585
 12.617487  -1.684047   1.792486
 10.338939  -1.102288   0.944091
 12.617487  -1.684047   1.792486
 10.142089  -3.307881  -1.481875
 10.142089  -3.307881  -1.481875
 12.617487  -1.684047   1.792486
 12.269363  -4.543099  -1.035847
 10.142089  -3.307881  -1.481875
 12.269363  -4.543099  -1.035847
  9.112310  -5.029826  -4.082482
  9.112310  -5.029826  -4.082482
 12.269363  -4.543099  -1.035847
 10.880077  -6.797592  -4.082482
  9.112310  -5.029826  -4.082482
 10.880077  -6.797592  -4.082482
  7.390365  -6.059605  -6.683089
  7.390365  -6.059605  -6.683089
 10.880077  -6.797592  -4.082482
  8.625584  -8.186879  -7.129117
  7.390365  -6.059605  -6.683089
  8.625584  -8.186879  -7.129117
  5.184774  -6.256456  -9.109055
  5.184774  -6.256456  -9.109055
  8.625584  -8.186879  -7.129117
  5.766532  -8.535004  -9.957450
  5.184774  -6.256456  -9.109055
  5.766532  -8.535004  -9.957450
  2.751395  -5.561145 -11.202834
  2.751395  -5.561145 -11.202834
  5.766532  -8.535004  -9.957450
  2.622748  -7.767928 -12.370549
  2.751395  -5.561145 -11.202834
  2.622748  -7.767928 -12.370549
  0.368389  -4.001774 -12.839396
  0.368389  -4.001774 -12.839396
  2.622748  -7.767928 -12.370549
 -0.458073  -5.920776 -14.212128
  0.368389  -4.001774 -12.839396
 -0.458073  -5.920776 -14.212128
 -1.691019  -1.691021 -13.938469
 -1.691019  -1.691021 -13.938469
 -0.458073  -5.920776 -14.212128
 -3.134394  -3.134397 -15.381844
 -1.691019  -1.691021 -13.938469
 -3.134394  -3.134397 -15.381844
 -3.185275   1.184883 -14.472390
 -3.185275   1.184883 -14.472390
 -3.134394  -3.134397 -15.381844
 -5.104277   0.358420 -15.845122
 -3.185275   1.184883 -14.472390
 -5.104277   0.358420 -15.845122
 -3.928151   4.384386 -14.468821
 -3.928151   4.384386 -14.468821
 -5.104277   0.358420 -15.845122
 -6.134934   4.255737 -15.636537
 -3.928151   4.384386 -14.468821
 -6.134934   4.255737 -15.636537
 -3.806966   7.634261 -14.008036
 -3.806966   7.634261 -14.008036
 -6.134934   4.255737 -15.636537
 -6.085515   8.216019 -14.856431
 -3.806966   7.634261 -14.008036
 -6.085515   8.216019 -14.856431
 -2.793620  10.656349 -13.215064
 -2.793620  10.656349 -13.215064
 -6.085515   8.216019 -14.856431
 -4.920894  11.891568 -13.661091
 -2.793620  10.656349 -13.215064
 -4.920894  11.891568 -13.661091
 -0.947345  13.194791 -12.247450
 -0.947345  13.194791 -12.247450
 -4.920894  11.891568 -13.661091
 -2.715112  14.962558 -12.247450
 -0.947345  13.194791 -12.247450
 -2.715112  14.962558 -12.247450
  1.591096  15.041068 -11.279836
  1.591096  15.041068 -11.279836
 -2.715112  14.962558 -12.247450
  0.355877  17.168341 -10.833809
  1.591096  15.041068 -11.279836
  0.355877  17.168341 -10.833809
  4.613185  16.054415 -10.486863
  4.613185  16.054415 -10.486863
  0.355877  17.168341 -10.833809
  4.031426  18.332963  -9.638468
  4.613185  16.054415 -10.486863
  4.031426  18.332963  -9.638468
  7.863060  16.175601 -10.026077
  7.863060  16.175601 -10.026077
  4.031426  18.332963  -9.638468
  7.991707  18.382384  -8.858362
  7.863060  16.175601 -10.026077
  7.991707  18.382384  -8.858362
 11.062563  15.432726 -10.022508
 11.062563  15.432726 -10.022508
  7.991707  18.382384  -8.858362
 11.889024  17.351728  -8.649776
 11.062563  15.432726 -10.022508
 11.889024  17.351728  -8.649776
 13.938467  13.938470 -10.556429
 13.938467  13.938470 -10.556429
 11.889024  17.351728  -8.649776
 15.381842  15.381846  -9.113053
 -0.948087  -0.948087  23.546810
  0.495288   0.495288  24.990186
  1.838292  -3.624408  22.377094
  1.838292  -3.624408  22.377094
  0.495288   0.495288  24.990186
  3.757294  -2.797947  23.749826
  1.838292  -3.624408  22.377094
  3.757294  -2.797947  23.749826
  3.685445  -6.705229  20.535516
  3.685445  -6.705229  20.535516
  3.757294  -2.797947  23.749826
  5.892227  -6.576580  21.703231
  3.685445  -6.705229  20.535516
  5.892227  -6.576580  21.703231
  4.452521  -9.849014  18.122417
  4.452521  -9.849014  18.122417
  5.892227  -6.576580  21.703231
  6.731070 -10.430772  18.970812
  4.452521  -9.849014  18.122417
  6.731070 -10.430772  18.970812
  4.104397 -12.708066  15.294084
  4.104397 -12.708066  15.294084
  6.731070 -10.430772  18.970812
  6.231671 -13.943284  15.740111
  4.104397 -12.708066  15.294084
  6.231671 -13.943284  15.740111
  2.715111 -14.962559  12.247449
  2.715111 -14.962559  12.247449
  6.231671 -13.943284  15.740111
  4.482878 -16.730326  12.247449
  2.715111 -14.962559  12.247449
  4.482878 -16.730326  12.247449
  0.460618 -16.351845   9.200814
  0.460618 -16.351845   9.200814
  4.482878 -16.730326  12.247449
  1.695836 -18.479119   8.754787
  0.460618 -16.351845   9.200814
  1.695836 -18.479119   8.754787
 -2.398434 -16.699970   6.372481
 -2.398434 -16.699970   6.372481
  1.695836 -18.479119   8.754787
 -1.816676 -18.978518   5.524086
 -2.398434 -16.699970   6.372481
 -1.816676 -18.978518   5.524086
 -5.542220 -15.932894   3.959382
 -5.542220 -15.932894   3.959382
 -1.816676 -18.978518   5.524086
 -5.670868 -18.139676   2.791666
 -5.542220 -15.932894   3.959382
 -5.670868 -18.139676   2.791666
 -8.623040 -14.085741   2.117803
 -8.623040 -14.085741   2.117803
 -5.670868 -18.139676   2.791666
 -9.449501 -16.004743   0.745071
 -8.623040 -14.085741   2.117803
 -9.449501 -16.004743   0.745071
-11.299361 -11.299362   0.948087
-11.299361 -11.299362   0.948087
 -9.449501 -16.004743   0.745071
-12.742736 -12.742738  -0.495288
-11.299361 -11.299362   0.948087
-12.742736 -12.742738  -0.495288
-13.269244  -7.806544   0.484810
-13.269244  -7.806544   0.484810
-12.742736 -12.742738  -0.495288
-15.188245  -8.633006  -0.887922
-13.269244  -7.806544   0.484810
-15.188245  -8.633006  -0.887922
-14.299900  -3.909228   0.693395
-14.299900  -3.909228   0.693395
-15.188245  -8.633006  -0.887922
-16.506683  -4.037876  -0.474320
-14.299900  -3.909228   0.693395
-16.506683  -4.037876  -0.474320
-14.250480   0.051054   1.473501
-14.250480   0.051054   1.473501
-16.506683  -4.037876  -0.474320
-16.529029   0.632812   0.625106
-14.250480   0.051054   1.473501
-16.529029   0.632812   0.625106
-13.085860   3.726603   2.668841
-13.085860   3.726603   2.668841
-16.529029   0.632812   0.625106
-15.213133   4.961821   2.222813
-13.085860   3.726603   2.668841
-15.213133   4.961821   2.222813
-10.880077   6.797593   4.082482
-10.880077   6.797593   4.082482
-15.213133   4.961821   2.222813
-12.647844   8.565360   4.082482
-10.880077   6.797593   4.082482
-12.647844   8.565360   4.082482
 -7.809087   9.003376   5.496124
 -7.809087   9.003376   5.496124
-12.647844   8.565360   4.082482
 -9.044306  11.130650   5.942151
 -7.809087   9.003376   5.496124
 -9.044306  11.130650   5.942151
 -4.133539  10.167997   6.691464
 -4.133539  10.167997   6.691464
 -9.044306  11.130650   5.942151
 -4.715298  12.446546   7.539859
 -4.133539  10.167997   6.691464
 -4.715298  12.446546   7.539859
 -0.173257  10.217418   7.471570
 -0.173257  10.217418   7.471570
 -4.715298  12.446546   7.539859
 -0.044609  12.424201   8.639285
 -0.173257  10.217418   7.471570
 -0.044609  12.424201   8.639285
  3.724060   9.186762   7.680156
  3.724060   9.186762   7.680156
 -0.044609  12.424201   8.639285
  4.550521  11.105764   9.052887
  3.724060   9.186762   7.680156
  4.550521  11.105764   9.052887
  7.216877   7.216879   7.216878
  7.216877   7.216879   7.216878
  4.550521  11.105764   9.052887
  8.660253   8.660255   8.660254
  7.216877   7.216879   7.216878
  8.660253   8.660255   8.660254
 10.003257   4.540559   6.047163
 10.003257   4.540559   6.047163
  8.660253   8.660255   8.660254
 11.922259   5.367021   7.419895
 10.003257   4.540559   6.047163
 11.922259   5.367021   7.419895
 11.850410   1.459738   4.205585
 11.850410   1.459738   4.205585
 11.922259   5.367021   7.419895
 14.057193   1.588387   5.373300
 11.850410   1.459738   4.205585
 14.057193   1.588387   5.373300
 12.617487  -1.684047   1.792486
 12.617487  -1.684047   1.792486
 14.057193   1.588387   5.373300
 14.896036  -2.265805   2.640881
 12.617487  -1.684047   1.792486
 14.896036  -2.265805   2.640881
 12.269363  -4.543099  -1.035847
 12.269363  -4.543099  -1.035847
 14.896036  -2.265805   2.640881
 14.396637  -5.778317  -0.589820
 12.269363  -4.543099  -1.035847
 14.396637  -5.778317  -0.589820
 10.880077  -6.797592  -4.082482
 10.880077  -6.797592  -4.082482
 14.396637  -5.778317  -0.589820
 12.647844  -8.565359  -4.082482
 10.880077  -6.797592  -4.082482
 12.647844  -8.565359  -4.082482
  8.625584  -8.186879  -7.129117
  8.625584  -8.186879  -7.129117
 12.647844  -8.565359  -4.082482
  9.860803 -10.314153  -7.575144
  8.625584  -8.186879  -7.129117
  9.860803 -10.314153  -7.575144
  5.766532  -8.535004  -9.957450
  5.766532  -8.535004  -9.957450
  9.860803 -10.314153  -7.575144
  6.348291 -10.813553 -10.805845
  5.766532  -8.535004  -9.957450
  6.348291 -10.813553 -10.805845
  2.622748  -7.767928 -12.370549
  2.622748  -7.767928 -12.370549
  6.348291 -10.813553 -10.805845
  2.494100  -9.974711 -13.538265
  2.622748  -7.767928 -12.370549
  2.494100  -9.974711 -13.538265
 -0.458073  -5.920776 -14.212128
 -0.458073  -5.920776 -14.212128
  2.494100  -9.974711 -13.538265
 -1.284534  -7.839778 -15.584860
 -0.458073  -5.920776 -14.212128
 -1.284534  -7.839778 -15.584860
 -3.134394  -3.134397 -15.381844
 -3.134394  -3.134397 -15.381844
 -1.284534  -7.839778 -15.584860
 -4.577769  -4.577773 -16.825220
 -3.134394  -3.134397 -15.381844
 -4.577769  -4.577773 -16.825220
 -5.104277   0.358420 -15.845122
 -5.104277   0.358420 -15.845122
 -4.577769  -4.577773 -16.825220
 -7.023279  -0.468042 -17.217854
 -5.104277   0.358420 -15.845122
 -7.023279  -0.468042 -17.217854
 -6.134934   4.255737 -15.636537
 -6.134934   4.255737 -15.636537
 -7.023279  -0.468042 -17.217854
 -8.341717   4.127089 -16.804253
 -6.134934   4.255737 -15.636537
 -8.341717   4.127089 -16.804253
 -6.085515   8.216019 -14.856431
 -6.085515   8.216019 -14.856431
 -8.341717   4.127089 -16.804253
 -8.364063   8.797777 -15.704826
 -6.085515   8.216019 -14.856431
 -8.364063   8.797777 -15.704826
 -4.920894  11.891568 -13.661091
 -4.920894  11.891568 -13.661091
 -8.364063   8.797777 -15.704826
 -7.048168  13.126786 -14.107119
 -4.920894  11.891568 -13.661091
 -7.048168  13.126786 -14.107119
 -2.715112  14.962558 -12.247450
 -2.715112  14.962558 -12.247450
 -7.048168  13.126786 -14.107119
 -4.482879  16.730324 -12.247450
 -2.715112  14.962558 -12.247450
 -4.482879  16.730324 -12.247450
  0.355877  17.168341 -10.833809
  0.355877  17.168341 -10.833809
 -4.482879  16.730324 -12.247450
 -0.879342  19.295615 -10.387781
  0.355877  17.168341 -10.833809
 -0.879342  19.295615 -10.387781
  4.031426  18.332963  -9.638468
  4.031426  18.332963  -9.638468
 -0.879342  19.295615 -10.387781
  3.449667  20.611511  -8.790074
  4.031426  18.332963  -9.638468
  3.449667  20.611511  -8.790074
  7.991707  18.382384  -8.858362
  7.991707  18.382384  -8.858362
  3.449667  20.611511  -8.790074
  8.120355  20.589167  -7.690647
  7.991707  18.382384  -8.858362
  8.120355  20.589167  -7.690647
 11.889024  17.351728  -8.649776
 11.889024  17.351728  -8.649776
  8.120355  20.589167  -7.690647
 12.715486  19.270730  -7.277045
 11.889024  17.351728  -8.649776
 12.715486  19.270730  -7.277045
 15.381842  15.381846  -9.113053
 15.381842  15.381846  -9.113053
 12.715486  19.270730  -7.277045
 16.825218  16.825222  -7.669678
  0.495288   0.495288  24.990186
  1.938664   1.938664  26.433561
  3.757294  -2.797947  23.749826
  3.757294  -2.797947  23.749826
  1.938664   1.938664  26.433561
  5.676296  -1.971485  25.122558
  3.757294  -2.797947  23.749826
  5.676296  -1.971485  25.122558
  5.892227  -6.576580  21.703231
  5.892227  -6.576580  21.703231
  5.676296  -1.971485  25.122558
  8.099010  -6.447932  22.870947
  5.892227  -6.576580  21.703231
  8.099010  -6.447932  22.870947
  6.731070 -10.430772  18.970812
  6.731070 -10.430772  18.970812
  8.099010  -6.447932  22.870947
  9.009618 -11.012531  19.819207
  6.731070 -10.430772  18.970812
  9.009618 -11.012531  19.819207
  6.231671 -13.943284  15.740111
  6.231671 -13.943284  15.740111
  9.009618 -11.012531  19.819207
  8.358945 -15.178503  16.186139
  6.231671 -13.943284  15.740111
  8.358945 -15.178503  16.186139
  4.482878 -16.730326  12.247449
  4.482878 -16.730326  12.247449
  8.358945 -15.178503  16.186139
  6.250645 -18.498093  12.247449
  4.482878 -16.730326  12.247449
  6.250645 -18.498093  12.247449
  1.695836 -18.479119   8.754787
  1.695836 -18.479119   8.754787
  6.250645 -18.498093  12.247449
  2.931055 -20.606393   8.308759
  1.695836 -18.479119   8.754787
  2.931055 -20.606393   8.308759
 -1.816676 -18.978518   5.524086
 -1.816676 -18.978518   5.524086
  2.931055 -20.606393   8.308759
 -1.234917 -21.257067   4.675691
 -1.816676 -18.978518   5.524086
 -1.234917 -21.257067   4.675691
 -5.670868 -18.139676   2.791666
 -5.670868 -18.139676   2.791666
 -1.234917 -21.257067   4.675691
 -5.799516 -20.346459   1.623951
 -5.670868 -18.139676   2.791666
 -5.799516 -20.346459   1.623951
 -9.449501 -16.004743   0.745071
 -9.449501 -16.004743   0.745071
 -5.799516 -20.346459   1.623951
-10.275963 -17.923745  -0.627660
 -9.449501 -16.004743   0.745071
-10.275963 -17.923745  -0.627660
-12.742736 -12.742738  -0.495288
-12.742736 -12.742738  -0.495288
-10.275963 -17.923745  -0.627660
-14.186112 -14.186113  -1.938664
-12.742736 -12.742738  -0.495288
-14.186112 -14.186113  -1.938664
-15.188245  -8.633006  -0.887922
-15.188245  -8.633006  -0.887922
-14.186112 -14.186113  -1.938664
-17.107247  -9.459468  -2.260654
-15.188245  -8.633006  -0.887922
-17.107247  -9.459468  -2.260654
-16.506683  -4.037876  -0.474320
-16.506683  -4.037876  -0.474320
-17.107247  -9.459468  -2.260654
-18.713466  -4.166524  -1.642036
-16.506683  -4.037876  -0.474320
-18.713466  -4.166524  -1.642036
-16.529029   0.632812   0.625106
-16.529029   0.632812   0.625106
-18.713466  -4.166524  -1.642036
-18.807577   1.214571  -0.223289
-16.529029   0.632812   0.625106
-18.807577   1.214571  -0.223289
-15.213133   4.961821   2.222813
-15.213133   4.961821   2.222813
-18.807577   1.214571  -0.223289
-17.340407   6.197040   1.776785
-15.213133   4.961821   2.222813
-17.340407   6.197040   1.776785
-12.647844   8.565360   4.082482
-12.647844   8.565360   4.082482
-17.340407   6.197040   1.776785
-14.415611  10.333126   4.082482
-12.647844   8.565360   4.082482
-14.415611  10.333126   4.082482
 -9.044306  11.130650   5.942151
 -9.044306  11.130650   5.942151
-14.415611  10.333126   4.082482
-10.279525  13.257924   6.388179
 -9.044306  11.130650   5.942151
-10.279525  13.257924   6.388179
 -4.715298  12.446546   7.539859
 -4.715298  12.446546   7.539859
-10.279525  13.257924   6.388179
 -5.297056  14.725094   8.388254
 -4.715298  12.446546   7.539859
 -5.297056  14.725094   8.388254
 -0.044609  12.424201   8.639285
 -0.044609  12.424201   8.639285
 -5.297056  14.725094   8.388254
  0.084039  14.630983   9.807001
 -0.044609  12.424201   8.639285
  0.084039  14.630983   9.807001
  4.550521  11.105764   9.052887
  4.550521  11.105764   9.052887
  0.084039  14.630983   9.807001
  5.376983  13.024766  10.425619
  4.550521  11.105764   9.052887
  5.376983  13.024766  10.425619
  8.660253   8.660255   8.660254
  8.660253   8.660255   8.660254
  5.376983  13.024766  10.425619
 10.103628  10.103631  10.103630
  8.660253   8.660255   8.660254
 10.103628  10.103631  10.103630
 11.922259   5.367021   7.419895
 11.922259   5.367021   7.419895
 10.103628  10.103631  10.103630
 13.841260   6.193483   8.792627
 11.922259   5.367021   7.419895
 13.841260   6.193483   8.792627
 14.057193   1.588387   5.373300
 14.057193   1.588387   5.373300
 13.841260   6.193483   8.792627
 16.263976   1.717035   6.541016
 14.057193   1.588387   5.373300
 16.263976   1.717035   6.541016
 14.896036  -2.265805   2.640881
 14.896036  -2.265805   2.640881
 16.263976   1.717035   6.541016
 17.174584  -2.847563   3.489276
 14.896036  -2.265805   2.640881
 17.174584  -2.847563   3.489276
 14.396637  -5.778317  -0.589820
 14.396637  -5.778317  -0.589820
 17.174584  -2.847563   3.489276
 16.523911  -7.013536  -0.143792
 14.396637  -5.778317  -0.589820
 16.523911  -7.013536  -0.143792
 12.647844  -8.565359  -4.082482
 12.647844  -8.565359  -4.082482
 16.523911  -7.013536  -0.143792
 14.415611 -10.333126  -4.082482
 12.647844  -8.565359  -4.082482
 14.415611 -10.333126  -4.082482
  9.860803 -10.314153  -7.575144
  9.860803 -10.314153  -7.575144
 14.415611 -10.333126  -4.082482
 11.096022 -12.441427  -8.021171
  9.860803 -10.314153  -7.575144
 11.096022 -12.441427  -8.021171
  6.348291 -10.813553 -10.805845
  6.348291 -10.813553 -10.805845
 11.096022 -12.441427  -8.021171
  6.930050 -13.092101 -11.654239
  6.348291 -10.813553 -10.805845
  6.930050 -13.092101 -11.654239
  2.494100  -9.974711 -13.538265
  2.494100  -9.974711 -13.538265
  6.930050 -13.092101 -11.654239
  2.365452 -12.181494 -14.705980
  2.494100  -9.974711 -13.538265
  2.365452 -12.181494 -14.705980
 -1.284534  -7.839778 -15.584860
 -1.284534  -7.839778 -15.584860
  2.365452 -12.181494 -14.705980
 -2.110996  -9.758780 -16.957592
 -1.284534  -7.839778 -15.584860
 -2.110996  -9.758780 -16.957592
 -4.577769  -4.577773 -16.825220
 -4.577769  -4.577773 -16.825220
 -2.110996  -9.758780 -16.957592
 -6.021145  -6.021149 -18.268596
 -4.577769  -4.577773 -16.825220
 -6.021145  -6.021149 -18.268596
 -7.023279  -0.468042 -17.217854
 -7.023279  -0.468042 -17.217854
 -6.021145  -6.021149 -18.268596
 -8.942280  -1.294504 -18.590586
 -7.023279  -0.468042 -17.217854
 -8.942280  -1.294504 -18.590586
 -8.341717   4.127089 -16.804253
 -8.341717   4.127089 -16.804253
 -8.942280  -1.294504 -18.590586
-10.548499   3.998440 -17.971968
 -8.341717   4.127089 -16.804253
-10.548499   3.998440 -17.971968
 -8.364063   8.797777 -15.704826
 -8.364063   8.797777 -15.704826
-10.548499   3.998440 -17.971968
-10.642611   9.379535 -16.553222
 -8.364063   8.797777 -15.704826
-10.642611   9.379535 -16.553222
 -7.048168  13.126786 -14.107119
 -7.048168  13.126786 -14.107119
-10.642611   9.379535 -16.553222
 -9.175442  14.362004 -14.553147
 -7.048168  13.126786 -14.107119
 -9.175442  14.362004 -14.553147
 -4.482879  16.730324 -12.247450
 -4.482879  16.730324 -12.247450
 -9.175442  14.362004 -14.553147
 -6.250646  18.498091 -12.247451
 -4.482879  16.730324 -12.247450
 -6.250646  18.498091 -12.247451
 -0.879342  19.295615 -10.387781
 -0.879342  19.295615 -10.387781
 -6.250646  18.498091 -12.247451
 -2.114561  21.422889  -9.941754
 -0.879342  19.295615 -10.387781
 -2.114561  21.422889  -9.941754
  3.449667  20.611511  -8.790074
  3.449667  20.611511  -8.790074
 -2.114561  21.422889  -9.941754
  2.867908  22.890060  -7.941679
  3.449667  20.611511  -8.790074
  2.867908  22.890060  -7.941679
  8.120355  20.589167  -7.690647
  8.120355  20.589167  -7.690647
  2.867908  22.890060  -7.941679
  8.249003  22.795950  -6.522932
  8.120355  20.589167  -7.690647
  8.249003  22.795950  -6.522932
 12.715486  19.270730  -7.277045
 12.715486  19.270730  -7.277045
  8.249003  22.795950  -6.522932
 13.541947  21.189732  -5.904313
 12.715486  19.270730  -7.277045
 13.541947  21.189732  -5.904313
 16.825218  16.825222  -7.669678
 16.825218  16.825222  -7.669678
 13.541947  21.189732  -5.904313
 18.268593  18.268598  -6.226302
  1.938664   1.938664  26.433561
  3.382040   3.382040  27.876937
  5.676296  -1.971485  25.122558
  5.676296  -1.971485  25.122558
  3.382040   3.382040  27.876937
  7.595297  -1.145023  26.495290
  5.676296  -1.971485  25.122558
  7.595297  -1.145023  26.495290
  8.099010  -6.447932  22.870947
  8.099010  -6.447932  22.870947
  7.595297  -1.145023  26.495290
 10.305793  -6.319284  24.038662
  8.099010  -6.447932  22.870947
 10.305793  -6.319284  24.038662
  9.009618 -11.012531  19.819207
  9.009618 -11.012531  19.819207
 10.305793  -6.319284  24.038662
 11.288167 -11.594289  20.667601
  9.009618 -11.012531  19.819207
 11.288167 -11.594289  20.667601
  8.358945 -15.178503  16.186139
  8.358945 -15.178503  16.186139
 11.288167 -11.594289  20.667601
 10.486219 -16.413722  16.632166
  8.358945 -15.178503  16.186139
 10.486219 -16.413722  16.632166
  6.250645 -18.498093  12.247449
  6.250645 -18.498093  12.247449
 10.486219 -16.413722  16.632166
  8.018412 -20.265860  12.247449
  6.250645 -18.498093  12.247449
  8.018412 -20.265860  12.247449
  2.931055 -20.606393   8.308759
  2.931055 -20.606393   8.308759
  8.018412 -20.265860  12.247449
  4.166274 -22.733667   7.862732
  2.931055 -20.606393   8.308759
  4.166274 -22.733667   7.862732
 -1.234917 -21.257067   4.675691
 -1.234917 -21.257067   4.675691
  4.166274 -22.733667   7.862732
 -0.653159 -23.535615   3.827296
 -1.234917 -21.257067   4.675691
 -0.653159 -23.535615   3.827296
 -5.799516 -20.346459   1.623951
 -5.799516 -20.346459   1.623951
 -0.653159 -23.535615   3.827296
 -5.928164 -22.553242   0.456236
 -5.799516 -20.346459   1.623951
 -5.928164 -22.553242   0.456236
-10.275963 -17.923745  -0.627660
-10.275963 -17.923745  -0.627660
 -5.928164 -22.553242   0.456236
-11.102425 -19.842747  -2.000392
-10.275963 -17.923745  -0.627660
-11.102425 -19.842747  -2.000392
-14.186112 -14.186113  -1.938664
-14.186112 -14.186113  -1.938664
-11.102425 -19.842747  -2.000392
-15.629488 -15.629489  -3.382040
-14.186112 -14.186113  -1.938664
-15.629488 -15.629489  -3.382040
-17.107247  -9.459468  -2.260654
-17.107247  -9.459468  -2.260654
-15.629488 -15.629489  -3.382040
-19.026249 -10.285930  -3.633386
-17.107247  -9.459468  -2.260654
-19.026249 -10.285930  -3.633386
-18.713466  -4.166524  -1.642036
-18.713466  -4.166524  -1.642036
-19.026249 -10.285930  -3.633386
-20.920248  -4.295172  -2.809751
-18.713466  -4.166524  -1.642036
-20.920248  -4.295172  -2.809751
-18.807577   1.214571  -0.223289
-18.807577   1.214571  -0.223289
-20.920248  -4.295172  -2.809751
-21.086126   1.796329  -1.071684
-18.807577   1.214571  -0.223289
-21.086126   1.796329  -1.071684
-17.340407   6.197040   1.776785
-17.340407   6.197040   1.776785
-21.086126   1.796329  -1.071684
-19.467681   7.432258   1.330758
-17.340407   6.197040   1.776785
-19.467681   7.432258   1.330758
-14.415611  10.333126   4.082482
-14.415611  10.333126   4.082482
-19.467681   7.432258   1.330758
-16.183378  12.100893   4.082482
-14.415611  10.333126   4.082482
-16.183378  12.100893   4.082482
-10.279525  13.257924   6.388179
-10.279525  13.257924   6.388179
-16.183378  12.100893   4.082482
-11.514744  15.385197   6.834206
-10.279525  13.257924   6.388179
-11.514744  15.385197   6.834206
 -5.297056  14.725094   8.388254
 -5.297056  14.725094   8.388254
-11.514744  15.385197   6.834206
 -5.878815  17.003643   9.236648
 -5.297056  14.725094   8.388254
 -5.878815  17.003643   9.236648
  0.084039  14.630983   9.807001
  0.084039  14.630983   9.807001
 -5.878815  17.003643   9.236648
  0.212686  16.837766  10.974716
  0.084039  14.630983   9.807001
  0.212686  16.837766  10.974716
  5.376983  13.024766  10.425619
  5.376983  13.024766  10.425619
  0.212686  16.837766  10.974716
  6.203444  14.943768  11.798351
  5.376983  13.024766  10.425619
  6.203444  14.943768  11.798351
 10.103628  10.103631  10.103630
 10.103628  10.103631  10.103630
  6.203444  14.943768  11.798351
 11.547004  11.547007  11.547005
 10.103628  10.103631  10.103630
 11.547004  11.547007  11.547005
 13.841260   6.193483   8.792627
 13.841260   6.193483   8.792627
 11.547004  11.547007  11.547005
 15.760262   7.019945  10.165359
 13.841260   6.193483   8.792627
 15.760262   7.019945  10.165359
 16.263976   1.717035   6.541016
 16.263976   1.717035   6.541016
 15.760262   7.019945  10.165359
 18.470758   1.845684   7.708731
 16.263976   1.717035   6.541016
 18.470758   1.845684   7.708731
 17.174584  -2.847563   3.489276
 17.174584  -2.847563   3.489276
 18.470758   1.845684   7.708731
 19.453133  -3.429322   4.337671
 17.174584  -2.847563   3.489276
 19.453133  -3.429322   4.337671
 16.523911  -7.013536  -0.143792
 16.523911  -7.013536  -0.143792
 19.453133  -3.429322   4.337671
 18.651185  -8.248754   0.302236
 16.523911  -7.013536  -0.143792
 18.651185  -8.248754   0.302236
 14.415611 -10.333126  -4.082482
 14.415611 -10.333126  -4.082482
 18.651185  -8.248754   0.302236
 16.183379 -12.100893  -4.082481
 14.415611 -10.333126  -4.082482
 16.183379 -12.100893  -4.082481
 11.096022 -12.441427  -8.021171
 11.096022 -12.441427  -8.021171
 16.183379 -12.100893  -4.082481
 12.331241 -14.568700  -8.467199
 11.096022 -12.441427  -8.021171
 12.331241 -14.568700  -8.467199
  6.930050 -13.092101 -11.654239
  6.930050 -13.092101 -11.654239
 12.331241 -14.568700  -8.467199
  7.511809 -15.370649 -12.502634
  6.930050 -13.092101 -11.654239
  7.511809 -15.370649 -12.502634
  2.365452 -12.181494 -14.705980
  2.365452 -12.181494 -14.705980
  7.511809 -15.370649 -12.502634
  2.236804 -14.388277 -15.873695
  2.365452 -12.181494 -14.705980
  2.236804 -14.388277 -15.873695
 -2.110996  -9.758780 -16.957592
 -2.110996  -9.758780 -16.957592
  2.236804 -14.388277 -15.873695
 -2.937457 -11.677782 -18.330323
 -2.110996  -9.758780 -16.957592
 -2.937457 -11.677782 -18.330323
 -6.021145  -6.021149 -18.268596
 -6.021145  -6.021149 -18.268596
 -2.937457 -11.677782 -18.330323
 -7.464520  -7.464525 -19.711971
 -6.021145  -6.021149 -18.268596
 -7.464520  -7.464525 -19.711971
 -8.942280  -1.294504 -18.590586
 -8.942280  -1.294504 -18.590586
 -7.464520  -7.464525 -19.711971
-10.861282  -2.120966 -19.963318
 -8.942280  -1.294504 -18.590586
-10.861282  -2.120966 -19.963318
-10.548499   3.998440 -17.971968
-10.548499   3.998440 -17.971968
-10.861282  -2.120966 -19.963318
-12.755282   3.869792 -19.139684
-10.548499   3.998440 -17.971968
-12.755282   3.869792 -19.139684
-10.642611   9.379535 -16.553222
-10.642611   9.379535 -16.553222
-12.755282   3.869792 -19.139684
-12.921160   9.961293 -17.401617
-10.642611   9.379535 -16.553222
-12.921160   9.961293 -17.401617
 -9.175442  14.362004 -14.553147
 -9.175442  14.362004 -14.553147
-12.921160   9.961293 -17.401617
-11.302716  15.597223 -14.999175
 -9.175442  14.362004 -14.553147
-11.302716  15.597223 -14.999175
 -6.250646  18.498091 -12.247451
 -6.250646  18.498091 -12.247451
-11.302716  15.597223 -14.999175
 -8.018413  20.265858 -12.247451
 -6.250646  18.498091 -12.247451
 -8.018413  20.265858 -12.247451
 -2.114561  21.422889  -9.941754
 -2.114561  21.422889  -9.941754
 -8.018413  20.265858 -12.247451
 -3.349780  23.550163  -9.495727
 -2.114561  21.422889  -9.941754
 -3.349780  23.550163  -9.495727
  2.867908  22.890060  -7.941679
  2.867908  22.890060  -7.941679
 -3.349780  23.550163  -9.495727
  2.286149  25.168608  -7.093284
  2.867908  22.890060  -7.941679
  2.286149  25.168608  -7.093284
  8.249003  22.795950  -6.522932
  8.249003  22.795950  -6.522932
  2.286149  25.168608  -7.093284
  8.377650  25.002733  -5.355216
  8.249003  22.795950  -6.522932
  8.377650  25.002733  -5.355216
 13.541947  21.189732  -5.904313
 13.541947  21.189732  -5.904313
  8.377650  25.002733  -5.355216
 14.368408  23.108735  -4.531581
 13.541947  21.189732  -5.904313
 14.368408  23.108735  -4.531581
 18.268593  18.268598  -6.226302
 18.268593  18.268598  -6.226302
 14.368408  23.108735  -4.531581
 19.711968  19.711974  -4.782926
